#=====================================================
# File created:        Sat-09-Mar-2024-at-08-30-32PM
# Size of lattice:     50x50
# Number of MC steps:  1000
# Reduced temperature: 0.650
# Run time (s):        36.301768
#=====================================================
# MC step:  Ratio:     Energy:   Order:
#=====================================================
   00000    0.5000   -2572.6689  0.2576 
   00001    0.6820   -3762.4528  0.2703 
   00002    0.6204   -4533.3557  0.2720 
   00003    0.5860   -5041.6224  0.2722 
   00004    0.5564   -5378.4518  0.2856 
   00005    0.5312   -5705.3362  0.2790 
   00006    0.5204   -5849.1898  0.2637 
   00007    0.4812   -6110.8663  0.2636 
   00008    0.4696   -6201.5515  0.2599 
   00009    0.4992   -6398.2529  0.2641 
   00010    0.4764   -6521.5348  0.2630 
   00011    0.4676   -6609.7716  0.2648 
   00012    0.4692   -6707.7287  0.2611 
   00013    0.4544   -6739.7346  0.2659 
   00014    0.4700   -6834.7317  0.2709 
   00015    0.4604   -6845.1565  0.2689 
   00016    0.4528   -6900.8245  0.2833 
   00017    0.4436   -6955.6355  0.2889 
   00018    0.4376   -7001.4928  0.2814 
   00019    0.4568   -7038.6140  0.2798 
   00020    0.4388   -7175.2488  0.2673 
   00021    0.4312   -7214.2029  0.2792 
   00022    0.4380   -7240.7624  0.2799 
   00023    0.4228   -7260.0709  0.2857 
   00024    0.4384   -7287.4988  0.2884 
   00025    0.4300   -7294.7660  0.2927 
   00026    0.4172   -7398.6694  0.2943 
   00027    0.4508   -7353.8543  0.2824 
   00028    0.4352   -7445.0507  0.2703 
   00029    0.4200   -7437.5699  0.2681 
   00030    0.4208   -7500.1102  0.2598 
   00031    0.4268   -7462.6940  0.2636 
   00032    0.4260   -7485.4582  0.2664 
   00033    0.4172   -7483.2659  0.2679 
   00034    0.4224   -7478.0002  0.2658 
   00035    0.4136   -7495.5512  0.2722 
   00036    0.4320   -7568.0593  0.2798 
   00037    0.4200   -7518.2536  0.2886 
   00038    0.4324   -7538.5802  0.2918 
   00039    0.4332   -7537.0290  0.2925 
   00040    0.4140   -7624.3418  0.2964 
   00041    0.4156   -7644.6507  0.2963 
   00042    0.4040   -7673.7375  0.2922 
   00043    0.4092   -7617.2524  0.2938 
   00044    0.4268   -7569.8586  0.2970 
   00045    0.4300   -7602.1629  0.2972 
   00046    0.4128   -7678.5485  0.2931 
   00047    0.4068   -7735.4415  0.2981 
   00048    0.4208   -7744.6673  0.3042 
   00049    0.4220   -7696.3603  0.3055 
   00050    0.4180   -7679.3271  0.3124 
   00051    0.4012   -7693.2019  0.3119 
   00052    0.4144   -7674.0421  0.3094 
   00053    0.4132   -7731.9640  0.3100 
   00054    0.4020   -7773.1988  0.3005 
   00055    0.4084   -7730.5780  0.3004 
   00056    0.4188   -7800.8738  0.3043 
   00057    0.3932   -7759.8296  0.3131 
   00058    0.3948   -7727.1626  0.3153 
   00059    0.4020   -7744.5496  0.3113 
   00060    0.4276   -7710.1562  0.3022 
   00061    0.4036   -7711.4377  0.3030 
   00062    0.4000   -7670.5334  0.3037 
   00063    0.4264   -7694.5367  0.2996 
   00064    0.4232   -7732.2415  0.3023 
   00065    0.4176   -7631.9723  0.3020 
   00066    0.4040   -7669.2996  0.2936 
   00067    0.4132   -7706.8642  0.2951 
   00068    0.4200   -7692.2748  0.2997 
   00069    0.4228   -7681.3204  0.2953 
   00070    0.4116   -7668.7233  0.2975 
   00071    0.4152   -7701.0926  0.3003 
   00072    0.4164   -7666.7371  0.3009 
   00073    0.4212   -7671.5475  0.3021 
   00074    0.4172   -7663.9242  0.3044 
   00075    0.3940   -7690.2459  0.3072 
   00076    0.4240   -7727.5388  0.3105 
   00077    0.4020   -7737.1344  0.3111 
   00078    0.4116   -7840.9715  0.3096 
   00079    0.4012   -7802.0401  0.3133 
   00080    0.4036   -7767.5704  0.3146 
   00081    0.4120   -7733.9351  0.3084 
   00082    0.4116   -7767.5906  0.3122 
   00083    0.3908   -7694.6935  0.3166 
   00084    0.4136   -7682.8786  0.3164 
   00085    0.4144   -7700.5919  0.3138 
   00086    0.4036   -7751.4627  0.3221 
   00087    0.4124   -7754.5595  0.3290 
   00088    0.4244   -7720.7959  0.3264 
   00089    0.4088   -7719.6195  0.3296 
   00090    0.4224   -7718.4126  0.3199 
   00091    0.4056   -7696.7674  0.3151 
   00092    0.4140   -7689.3710  0.3157 
   00093    0.4008   -7748.8634  0.3138 
   00094    0.4020   -7744.1765  0.3165 
   00095    0.4140   -7726.7080  0.3261 
   00096    0.4180   -7786.8568  0.3250 
   00097    0.3956   -7825.5506  0.3264 
   00098    0.4144   -7826.2402  0.3303 
   00099    0.4020   -7828.9231  0.3237 
   00100    0.4272   -7712.4939  0.3279 
   00101    0.4176   -7710.0899  0.3277 
   00102    0.4156   -7774.2436  0.3345 
   00103    0.3956   -7709.0806  0.3339 
   00104    0.4212   -7778.6758  0.3303 
   00105    0.4164   -7743.2358  0.3182 
   00106    0.4144   -7703.8241  0.3158 
   00107    0.4232   -7634.1473  0.3136 
   00108    0.4096   -7693.0950  0.3101 
   00109    0.4144   -7742.1761  0.3176 
   00110    0.3984   -7715.3521  0.3273 
   00111    0.4292   -7647.8948  0.3291 
   00112    0.3860   -7667.1111  0.3333 
   00113    0.4208   -7724.3274  0.3360 
   00114    0.4180   -7818.4351  0.3384 
   00115    0.4300   -7751.9655  0.3381 
   00116    0.4116   -7776.6742  0.3356 
   00117    0.4012   -7760.5219  0.3294 
   00118    0.4084   -7685.8857  0.3187 
   00119    0.4228   -7708.0929  0.3199 
   00120    0.4076   -7735.5761  0.3226 
   00121    0.4272   -7780.3539  0.3210 
   00122    0.4192   -7809.8581  0.3207 
   00123    0.3868   -7842.5961  0.3112 
   00124    0.4116   -7794.8674  0.3135 
   00125    0.4064   -7775.8338  0.3127 
   00126    0.4128   -7786.6833  0.3102 
   00127    0.3908   -7794.2604  0.3096 
   00128    0.4024   -7757.5747  0.3039 
   00129    0.4080   -7789.2827  0.3018 
   00130    0.4044   -7817.0486  0.3045 
   00131    0.3992   -7826.9784  0.3111 
   00132    0.4156   -7840.3974  0.3137 
   00133    0.3988   -7834.4558  0.3095 
   00134    0.4140   -7794.5211  0.3090 
   00135    0.3996   -7793.1926  0.3130 
   00136    0.4004   -7815.6389  0.3085 
   00137    0.4024   -7831.0006  0.3117 
   00138    0.4140   -7803.4798  0.3140 
   00139    0.4208   -7783.2776  0.3235 
   00140    0.4148   -7763.4942  0.3160 
   00141    0.4212   -7717.2316  0.3138 
   00142    0.4224   -7700.3036  0.3174 
   00143    0.4232   -7688.0641  0.3117 
   00144    0.4164   -7751.7804  0.3145 
   00145    0.4228   -7754.8212  0.3187 
   00146    0.4020   -7742.1433  0.3216 
   00147    0.4080   -7758.1570  0.3181 
   00148    0.3980   -7700.4459  0.3191 
   00149    0.4092   -7724.8190  0.3203 
   00150    0.4144   -7730.3526  0.3216 
   00151    0.3884   -7773.4569  0.3282 
   00152    0.4108   -7769.1456  0.3291 
   00153    0.4208   -7756.8005  0.3360 
   00154    0.4092   -7763.3713  0.3332 
   00155    0.3992   -7792.1398  0.3331 
   00156    0.4188   -7780.6978  0.3323 
   00157    0.4116   -7763.8141  0.3288 
   00158    0.4300   -7764.1670  0.3420 
   00159    0.4268   -7791.6968  0.3409 
   00160    0.4176   -7729.5605  0.3439 
   00161    0.4232   -7729.6337  0.3546 
   00162    0.4156   -7771.6727  0.3548 
   00163    0.4104   -7782.9704  0.3552 
   00164    0.4016   -7767.8918  0.3582 
   00165    0.4080   -7763.6218  0.3550 
   00166    0.4072   -7770.8154  0.3522 
   00167    0.4108   -7810.8634  0.3516 
   00168    0.4012   -7790.9611  0.3469 
   00169    0.3940   -7808.3419  0.3534 
   00170    0.3944   -7831.1688  0.3506 
   00171    0.4028   -7821.5964  0.3535 
   00172    0.4156   -7800.5256  0.3518 
   00173    0.4000   -7795.2710  0.3522 
   00174    0.4116   -7807.1297  0.3588 
   00175    0.4220   -7778.4775  0.3548 
   00176    0.3972   -7851.4044  0.3586 
   00177    0.4080   -7915.2215  0.3582 
   00178    0.4060   -7922.7987  0.3598 
   00179    0.3992   -7950.9111  0.3544 
   00180    0.4036   -7951.9836  0.3542 
   00181    0.3848   -7898.1383  0.3564 
   00182    0.4072   -7976.8744  0.3638 
   00183    0.3932   -7911.9042  0.3657 
   00184    0.3944   -7894.8032  0.3635 
   00185    0.3968   -7933.3447  0.3560 
   00186    0.4032   -7947.3197  0.3503 
   00187    0.4064   -7953.4760  0.3521 
   00188    0.4076   -7920.6133  0.3448 
   00189    0.4232   -7938.1114  0.3454 
   00190    0.3912   -8001.5846  0.3409 
   00191    0.3916   -7966.7448  0.3434 
   00192    0.4148   -7905.3101  0.3477 
   00193    0.3976   -7836.0525  0.3449 
   00194    0.4144   -7830.3791  0.3391 
   00195    0.4088   -7806.0193  0.3411 
   00196    0.4152   -7777.2212  0.3419 
   00197    0.4076   -7822.3158  0.3448 
   00198    0.4204   -7796.8903  0.3451 
   00199    0.4072   -7806.2566  0.3454 
   00200    0.4172   -7787.0044  0.3487 
   00201    0.3804   -7861.4468  0.3434 
   00202    0.4068   -7871.6944  0.3427 
   00203    0.4012   -7855.1537  0.3513 
   00204    0.3956   -7885.3639  0.3592 
   00205    0.3932   -7817.2062  0.3556 
   00206    0.3820   -7859.4963  0.3605 
   00207    0.3976   -7776.4320  0.3583 
   00208    0.4128   -7772.2637  0.3611 
   00209    0.4048   -7743.1378  0.3607 
   00210    0.4108   -7753.2925  0.3607 
   00211    0.3936   -7836.2162  0.3642 
   00212    0.4168   -7832.0188  0.3654 
   00213    0.4268   -7851.0113  0.3600 
   00214    0.3992   -7877.5583  0.3562 
   00215    0.4072   -7878.2391  0.3514 
   00216    0.4024   -7847.2875  0.3516 
   00217    0.4000   -7835.6768  0.3516 
   00218    0.4084   -7826.4102  0.3500 
   00219    0.3920   -7835.7753  0.3506 
   00220    0.4036   -7886.8778  0.3478 
   00221    0.4024   -7952.0328  0.3525 
   00222    0.3768   -7960.7199  0.3504 
   00223    0.4176   -7976.3638  0.3479 
   00224    0.4180   -7984.1192  0.3549 
   00225    0.3732   -7965.5963  0.3564 
   00226    0.3920   -7996.1739  0.3529 
   00227    0.3996   -7993.0275  0.3587 
   00228    0.3940   -7951.9484  0.3665 
   00229    0.3848   -7971.1407  0.3647 
   00230    0.3836   -7984.8888  0.3664 
   00231    0.3992   -7983.7981  0.3612 
   00232    0.3856   -7973.3476  0.3612 
   00233    0.3968   -7891.5528  0.3591 
   00234    0.4016   -7861.9947  0.3551 
   00235    0.4148   -7856.4982  0.3522 
   00236    0.4064   -7918.8172  0.3486 
   00237    0.4132   -7944.4419  0.3508 
   00238    0.4056   -7905.6153  0.3513 
   00239    0.4000   -7918.7383  0.3508 
   00240    0.3948   -7921.1266  0.3547 
   00241    0.3948   -7952.5177  0.3545 
   00242    0.3808   -7923.5482  0.3526 
   00243    0.4124   -7881.9733  0.3541 
   00244    0.3976   -7910.6782  0.3522 
   00245    0.4160   -7899.8835  0.3615 
   00246    0.4164   -7863.7142  0.3637 
   00247    0.4072   -7836.0556  0.3638 
   00248    0.4032   -7859.2643  0.3639 
   00249    0.4048   -7852.3383  0.3637 
   00250    0.3972   -7832.6679  0.3658 
   00251    0.4172   -7856.5925  0.3639 
   00252    0.4140   -7837.9332  0.3586 
   00253    0.3992   -7813.5247  0.3577 
   00254    0.4028   -7831.0223  0.3623 
   00255    0.4144   -7826.7774  0.3632 
   00256    0.3992   -7795.7302  0.3710 
   00257    0.4176   -7805.5296  0.3690 
   00258    0.4400   -7841.1491  0.3679 
   00259    0.3960   -7760.8039  0.3708 
   00260    0.3996   -7803.2476  0.3666 
   00261    0.4084   -7829.3885  0.3684 
   00262    0.3928   -7830.2245  0.3727 
   00263    0.4080   -7903.5881  0.3705 
   00264    0.4108   -7959.0589  0.3694 
   00265    0.3932   -7933.0595  0.3745 
   00266    0.3800   -7952.5424  0.3682 
   00267    0.3928   -7902.7978  0.3709 
   00268    0.4096   -7897.9847  0.3600 
   00269    0.4104   -7907.1636  0.3589 
   00270    0.4188   -7903.6127  0.3537 
   00271    0.3944   -7918.7399  0.3552 
   00272    0.3952   -7901.5667  0.3595 
   00273    0.4144   -7927.7471  0.3633 
   00274    0.4104   -7881.8576  0.3647 
   00275    0.4156   -7920.9737  0.3611 
   00276    0.3928   -7919.0801  0.3562 
   00277    0.3936   -7934.0775  0.3583 
   00278    0.4140   -7916.2310  0.3447 
   00279    0.4016   -7944.8296  0.3537 
   00280    0.3968   -7973.0939  0.3507 
   00281    0.4048   -7987.0018  0.3545 
   00282    0.4000   -7931.0100  0.3601 
   00283    0.3940   -7913.2921  0.3612 
   00284    0.3944   -7900.6881  0.3569 
   00285    0.4064   -7797.1402  0.3638 
   00286    0.4000   -7865.8580  0.3621 
   00287    0.4020   -7940.6722  0.3651 
   00288    0.4076   -7922.9566  0.3609 
   00289    0.4116   -7918.0253  0.3630 
   00290    0.4100   -7934.9891  0.3545 
   00291    0.3972   -7967.0478  0.3476 
   00292    0.4048   -7956.2827  0.3527 
   00293    0.4060   -7945.9784  0.3528 
   00294    0.3964   -7917.5611  0.3498 
   00295    0.3952   -7881.2580  0.3397 
   00296    0.4112   -7894.6602  0.3447 
   00297    0.4036   -7906.2004  0.3417 
   00298    0.4152   -7906.0012  0.3468 
   00299    0.3984   -7928.2561  0.3445 
   00300    0.3868   -7874.2366  0.3389 
   00301    0.3852   -7906.4071  0.3447 
   00302    0.3984   -7942.8976  0.3418 
   00303    0.3944   -7901.2505  0.3397 
   00304    0.4096   -7874.7228  0.3371 
   00305    0.4080   -7907.5540  0.3422 
   00306    0.3980   -7983.2440  0.3380 
   00307    0.3956   -7981.2844  0.3359 
   00308    0.3800   -7924.9542  0.3348 
   00309    0.4036   -7957.5076  0.3369 
   00310    0.4116   -7976.7305  0.3349 
   00311    0.4008   -7916.6420  0.3329 
   00312    0.4192   -7850.1678  0.3280 
   00313    0.4088   -7914.7264  0.3268 
   00314    0.4016   -7884.2195  0.3222 
   00315    0.4040   -7871.6469  0.3212 
   00316    0.3900   -7834.9511  0.3165 
   00317    0.4168   -7845.2122  0.3256 
   00318    0.4068   -7826.7252  0.3265 
   00319    0.4044   -7833.7944  0.3295 
   00320    0.4080   -7811.5486  0.3268 
   00321    0.4168   -7816.1063  0.3223 
   00322    0.4088   -7821.9492  0.3193 
   00323    0.4276   -7812.2991  0.3147 
   00324    0.4148   -7791.3852  0.3113 
   00325    0.4104   -7790.8839  0.3044 
   00326    0.4140   -7871.3050  0.3062 
   00327    0.4228   -7888.2960  0.3096 
   00328    0.3852   -7898.4205  0.3123 
   00329    0.4196   -7914.6977  0.3133 
   00330    0.4004   -7906.0621  0.3074 
   00331    0.4084   -7939.1599  0.3117 
   00332    0.4220   -7851.6694  0.3172 
   00333    0.4024   -7833.0825  0.3180 
   00334    0.4296   -7836.4064  0.3144 
   00335    0.4092   -7752.4245  0.3136 
   00336    0.4016   -7816.7591  0.3100 
   00337    0.4080   -7792.7148  0.3077 
   00338    0.4156   -7846.8630  0.3029 
   00339    0.4172   -7833.1803  0.3058 
   00340    0.4188   -7835.3817  0.3005 
   00341    0.4080   -7832.8893  0.2976 
   00342    0.4136   -7887.0030  0.3004 
   00343    0.4000   -7868.1285  0.3029 
   00344    0.4112   -7881.4728  0.3014 
   00345    0.4140   -7886.1991  0.2951 
   00346    0.4152   -7906.5341  0.2910 
   00347    0.4132   -7921.3311  0.2927 
   00348    0.3996   -7901.6264  0.2930 
   00349    0.4196   -7882.7655  0.2838 
   00350    0.4256   -7851.8274  0.2802 
   00351    0.3984   -7857.0953  0.2827 
   00352    0.4072   -7890.5471  0.2853 
   00353    0.3944   -7867.2392  0.2831 
   00354    0.4048   -7920.4806  0.2844 
   00355    0.3864   -7898.9672  0.2853 
   00356    0.3980   -7864.2195  0.2968 
   00357    0.4160   -7845.9268  0.2939 
   00358    0.4112   -7792.1644  0.3019 
   00359    0.3972   -7845.9898  0.2994 
   00360    0.4188   -7823.4668  0.2942 
   00361    0.4120   -7836.8659  0.2940 
   00362    0.4112   -7831.0222  0.2998 
   00363    0.4280   -7802.3229  0.2966 
   00364    0.4216   -7829.0591  0.2933 
   00365    0.4068   -7862.0073  0.2925 
   00366    0.3924   -7922.2340  0.2944 
   00367    0.4100   -7914.8005  0.2971 
   00368    0.4120   -7979.3695  0.2983 
   00369    0.4024   -7949.6314  0.2957 
   00370    0.4048   -8005.9313  0.2980 
   00371    0.3956   -8032.7810  0.2976 
   00372    0.3988   -7975.8200  0.2969 
   00373    0.3972   -7967.6768  0.2944 
   00374    0.4008   -7890.3246  0.3002 
   00375    0.3920   -7868.9476  0.2991 
   00376    0.4088   -7830.9478  0.3043 
   00377    0.4164   -7840.7184  0.3004 
   00378    0.4132   -7904.0391  0.2972 
   00379    0.4200   -7914.3922  0.2841 
   00380    0.4208   -7890.5204  0.2927 
   00381    0.4276   -7899.5384  0.2943 
   00382    0.3848   -7853.6803  0.2917 
   00383    0.3976   -7860.2455  0.2964 
   00384    0.4096   -7852.8796  0.3029 
   00385    0.4112   -7848.7112  0.3055 
   00386    0.3996   -7848.3498  0.3090 
   00387    0.3832   -7823.8315  0.3061 
   00388    0.4040   -7844.4025  0.3091 
   00389    0.3932   -7822.0902  0.3090 
   00390    0.3904   -7882.7862  0.3049 
   00391    0.4172   -7860.3681  0.3030 
   00392    0.3996   -7884.5201  0.3005 
   00393    0.4080   -7877.2252  0.2912 
   00394    0.4004   -7845.7565  0.3004 
   00395    0.4156   -7871.4133  0.3054 
   00396    0.4084   -7861.8833  0.3028 
   00397    0.4128   -7903.0661  0.2954 
   00398    0.4036   -7970.4151  0.2988 
   00399    0.4120   -7972.1084  0.3030 
   00400    0.3796   -7930.2782  0.3027 
   00401    0.4036   -7876.7853  0.3021 
   00402    0.4100   -7870.0313  0.3018 
   00403    0.3996   -7934.2139  0.3056 
   00404    0.4136   -7976.2589  0.3042 
   00405    0.3848   -7952.8804  0.3087 
   00406    0.4124   -7962.2281  0.3114 
   00407    0.4072   -7916.2540  0.3107 
   00408    0.4128   -7911.3151  0.3095 
   00409    0.4032   -7907.2048  0.3052 
   00410    0.4048   -7933.5171  0.3070 
   00411    0.4056   -7933.9460  0.3027 
   00412    0.4064   -7893.2772  0.3014 
   00413    0.4096   -7906.2962  0.2995 
   00414    0.4092   -7886.9051  0.2942 
   00415    0.4036   -7865.4329  0.2932 
   00416    0.4028   -7849.5067  0.2951 
   00417    0.4264   -7835.3362  0.2960 
   00418    0.4124   -7878.7212  0.3004 
   00419    0.4052   -7911.3430  0.2933 
   00420    0.3936   -7870.2710  0.2911 
   00421    0.4176   -7811.8377  0.2860 
   00422    0.4028   -7786.6258  0.2783 
   00423    0.3924   -7781.2368  0.2807 
   00424    0.4132   -7864.6332  0.2890 
   00425    0.4232   -7804.5226  0.2846 
   00426    0.3932   -7881.3109  0.2831 
   00427    0.3924   -7862.3472  0.2834 
   00428    0.3968   -7851.4667  0.2845 
   00429    0.4168   -7877.2026  0.2822 
   00430    0.4060   -7901.2534  0.2748 
   00431    0.3888   -7920.8161  0.2817 
   00432    0.4112   -7907.7781  0.2788 
   00433    0.4224   -7824.7490  0.2840 
   00434    0.4040   -7837.0999  0.2837 
   00435    0.4132   -7804.5222  0.2758 
   00436    0.4124   -7838.1074  0.2726 
   00437    0.3956   -7863.2146  0.2738 
   00438    0.4088   -7809.0364  0.2836 
   00439    0.3972   -7896.1780  0.2937 
   00440    0.4052   -7896.9943  0.2953 
   00441    0.4032   -7855.7614  0.2934 
   00442    0.4056   -7840.2880  0.3061 
   00443    0.4060   -7844.8919  0.2989 
   00444    0.4012   -7890.7246  0.3019 
   00445    0.4128   -7845.9929  0.2934 
   00446    0.3952   -7858.3451  0.2957 
   00447    0.4000   -7836.4275  0.2878 
   00448    0.3860   -7866.8800  0.2910 
   00449    0.4256   -7889.4547  0.2937 
   00450    0.3872   -7947.4833  0.2843 
   00451    0.3912   -7941.1544  0.2891 
   00452    0.3860   -7944.4911  0.2926 
   00453    0.3952   -7938.0254  0.2918 
   00454    0.4080   -7932.7305  0.2925 
   00455    0.3968   -7919.8640  0.2884 
   00456    0.4108   -7896.1879  0.2850 
   00457    0.4016   -7912.7791  0.2808 
   00458    0.3920   -7933.5489  0.2856 
   00459    0.3908   -8032.4682  0.2799 
   00460    0.4128   -8031.1269  0.2762 
   00461    0.4124   -7997.0295  0.2777 
   00462    0.4048   -7924.1670  0.2750 
   00463    0.4040   -7883.0496  0.2736 
   00464    0.3916   -7883.9189  0.2725 
   00465    0.3984   -7869.9935  0.2676 
   00466    0.4016   -7887.4296  0.2686 
   00467    0.4136   -7895.6462  0.2644 
   00468    0.3780   -7989.8129  0.2764 
   00469    0.3888   -8006.5076  0.2781 
   00470    0.4112   -7965.6027  0.2835 
   00471    0.3940   -7934.0450  0.2894 
   00472    0.3960   -7913.5036  0.2826 
   00473    0.4080   -7897.7646  0.2819 
   00474    0.4000   -7922.4197  0.2819 
   00475    0.4100   -8026.6553  0.2808 
   00476    0.3996   -7965.9327  0.2810 
   00477    0.3960   -7949.5447  0.2820 
   00478    0.4064   -8019.6516  0.2829 
   00479    0.3972   -8005.2008  0.2902 
   00480    0.3896   -7991.1562  0.2867 
   00481    0.3920   -7927.2355  0.2868 
   00482    0.4144   -7925.7167  0.2867 
   00483    0.4080   -7907.7066  0.2929 
   00484    0.4104   -7930.3894  0.2912 
   00485    0.4064   -7915.8330  0.2884 
   00486    0.4092   -7970.5539  0.2921 
   00487    0.3916   -7948.1005  0.2965 
   00488    0.3872   -8005.8992  0.3001 
   00489    0.4020   -7957.7540  0.2996 
   00490    0.4024   -7970.8968  0.3010 
   00491    0.4108   -7927.2130  0.3052 
   00492    0.4088   -7896.8891  0.3058 
   00493    0.4040   -7936.6848  0.3016 
   00494    0.3932   -7983.4074  0.3024 
   00495    0.4028   -7942.5929  0.3055 
   00496    0.4016   -7857.2269  0.3058 
   00497    0.4044   -7843.1686  0.2966 
   00498    0.3996   -7857.5928  0.2932 
   00499    0.3980   -7842.2764  0.2833 
   00500    0.3948   -7828.8618  0.2892 
   00501    0.4076   -7803.2775  0.2839 
   00502    0.4128   -7845.9917  0.2807 
   00503    0.4100   -7834.8889  0.2760 
   00504    0.4144   -7877.2866  0.2798 
   00505    0.3956   -7902.0735  0.2827 
   00506    0.4052   -7956.4461  0.2823 
   00507    0.3844   -8014.7218  0.2790 
   00508    0.4080   -7979.6517  0.2811 
   00509    0.3940   -7956.3458  0.2818 
   00510    0.3940   -7884.4880  0.2867 
   00511    0.3940   -7825.9319  0.2887 
   00512    0.3924   -7886.3220  0.2906 
   00513    0.4076   -7867.2070  0.2897 
   00514    0.4020   -7892.1646  0.2896 
   00515    0.4100   -7867.8765  0.2888 
   00516    0.4120   -7885.9757  0.2943 
   00517    0.4116   -7903.8106  0.2949 
   00518    0.4036   -7925.4252  0.2992 
   00519    0.4004   -7885.4617  0.3037 
   00520    0.4088   -7876.6693  0.3091 
   00521    0.4144   -7853.2622  0.3163 
   00522    0.4052   -7852.9933  0.3068 
   00523    0.4028   -7869.6969  0.3006 
   00524    0.4120   -7890.7131  0.2919 
   00525    0.4156   -7863.6623  0.2977 
   00526    0.4064   -7860.5037  0.3029 
   00527    0.3844   -7918.7371  0.3036 
   00528    0.4252   -7841.8710  0.2990 
   00529    0.4204   -7900.0660  0.2985 
   00530    0.3952   -7874.9241  0.3008 
   00531    0.4120   -7892.3655  0.2945 
   00532    0.4120   -7865.4200  0.2990 
   00533    0.3980   -7929.5603  0.3020 
   00534    0.4032   -7911.7234  0.3094 
   00535    0.3964   -7932.1849  0.3117 
   00536    0.4012   -7928.4340  0.3119 
   00537    0.4092   -7902.7824  0.3100 
   00538    0.3844   -7922.3033  0.3050 
   00539    0.4040   -7911.7276  0.3124 
   00540    0.4096   -7933.1067  0.3161 
   00541    0.4092   -8009.3284  0.3139 
   00542    0.3988   -7912.3752  0.3113 
   00543    0.3996   -7873.0652  0.3147 
   00544    0.4008   -7890.7693  0.3171 
   00545    0.4112   -7926.0380  0.3123 
   00546    0.4064   -7974.1885  0.3130 
   00547    0.4084   -7959.5025  0.3127 
   00548    0.4236   -7864.6021  0.3115 
   00549    0.4236   -7851.1356  0.3084 
   00550    0.4116   -7774.4807  0.3106 
   00551    0.4204   -7764.0938  0.3058 
   00552    0.4120   -7801.5670  0.3074 
   00553    0.4136   -7818.7657  0.3055 
   00554    0.4092   -7786.6976  0.3062 
   00555    0.4096   -7772.6901  0.3051 
   00556    0.4044   -7826.3242  0.3237 
   00557    0.3904   -7831.6387  0.3240 
   00558    0.4120   -7897.2481  0.3252 
   00559    0.4044   -7884.4660  0.3269 
   00560    0.4088   -7879.7193  0.3316 
   00561    0.4092   -7929.4636  0.3282 
   00562    0.4048   -7883.6114  0.3311 
   00563    0.4084   -7835.7682  0.3311 
   00564    0.4184   -7847.2237  0.3403 
   00565    0.4108   -7840.3455  0.3364 
   00566    0.4216   -7850.3543  0.3345 
   00567    0.4020   -7840.3148  0.3225 
   00568    0.4084   -7852.2172  0.3269 
   00569    0.3976   -7883.3309  0.3289 
   00570    0.4016   -7894.6178  0.3386 
   00571    0.4268   -7807.9007  0.3376 
   00572    0.4128   -7821.1635  0.3326 
   00573    0.4192   -7853.5905  0.3258 
   00574    0.3876   -7913.4269  0.3295 
   00575    0.4024   -7929.0758  0.3285 
   00576    0.4140   -7905.8560  0.3276 
   00577    0.3900   -7918.8667  0.3270 
   00578    0.3912   -7871.2612  0.3337 
   00579    0.4068   -7903.5080  0.3315 
   00580    0.3956   -7889.3554  0.3243 
   00581    0.4144   -7859.2733  0.3254 
   00582    0.4148   -7894.4409  0.3309 
   00583    0.4116   -7902.1488  0.3227 
   00584    0.4056   -7878.2132  0.3299 
   00585    0.4124   -7829.6504  0.3293 
   00586    0.3772   -7883.0009  0.3323 
   00587    0.4096   -7907.6701  0.3348 
   00588    0.3980   -7940.2183  0.3340 
   00589    0.3752   -7937.2420  0.3359 
   00590    0.4060   -7928.4263  0.3343 
   00591    0.4052   -7911.8431  0.3300 
   00592    0.3880   -7835.3254  0.3312 
   00593    0.3976   -7837.1458  0.3324 
   00594    0.4080   -7820.6852  0.3283 
   00595    0.4204   -7839.9580  0.3357 
   00596    0.4072   -7834.4683  0.3366 
   00597    0.4128   -7844.1294  0.3302 
   00598    0.4132   -7841.2051  0.3298 
   00599    0.3972   -7847.6127  0.3283 
   00600    0.4148   -7809.9939  0.3308 
   00601    0.3900   -7797.2718  0.3309 
   00602    0.4048   -7799.8413  0.3342 
   00603    0.4144   -7814.8580  0.3405 
   00604    0.4000   -7790.2167  0.3332 
   00605    0.4224   -7828.5813  0.3459 
   00606    0.4016   -7833.1770  0.3482 
   00607    0.3912   -7887.4224  0.3501 
   00608    0.4024   -7836.4477  0.3616 
   00609    0.4228   -7801.8908  0.3584 
   00610    0.4156   -7777.1848  0.3632 
   00611    0.4048   -7835.9074  0.3581 
   00612    0.3868   -7862.0751  0.3581 
   00613    0.4128   -7894.3922  0.3648 
   00614    0.3924   -7948.7730  0.3737 
   00615    0.4108   -7931.6782  0.3683 
   00616    0.4140   -7935.3311  0.3599 
   00617    0.4044   -7925.0853  0.3617 
   00618    0.3976   -7854.3534  0.3726 
   00619    0.4160   -7860.5216  0.3713 
   00620    0.4076   -7893.5813  0.3710 
   00621    0.4072   -7851.8702  0.3708 
   00622    0.4128   -7862.8298  0.3645 
   00623    0.4096   -7843.7860  0.3555 
   00624    0.4040   -7860.1291  0.3594 
   00625    0.4000   -7862.8479  0.3614 
   00626    0.4132   -7904.4186  0.3628 
   00627    0.4136   -7913.2265  0.3631 
   00628    0.3956   -7927.5901  0.3668 
   00629    0.3872   -7967.8403  0.3735 
   00630    0.4148   -7909.2940  0.3718 
   00631    0.3976   -7851.9167  0.3697 
   00632    0.4144   -7801.5322  0.3719 
   00633    0.4204   -7891.9727  0.3766 
   00634    0.4076   -7837.8868  0.3795 
   00635    0.3924   -7897.5216  0.3909 
   00636    0.4008   -7905.0738  0.3935 
   00637    0.3896   -7876.1545  0.3891 
   00638    0.4268   -7854.1593  0.3859 
   00639    0.4104   -7851.5911  0.3759 
   00640    0.4264   -7888.3072  0.3741 
   00641    0.4128   -7922.8889  0.3725 
   00642    0.4136   -7931.4708  0.3819 
   00643    0.3988   -7993.8453  0.3806 
   00644    0.4104   -7967.9626  0.3885 
   00645    0.4028   -8002.6206  0.3874 
   00646    0.4064   -7985.8065  0.3880 
   00647    0.3952   -7971.4462  0.3867 
   00648    0.3992   -7907.5875  0.3815 
   00649    0.4128   -7852.2380  0.3742 
   00650    0.4040   -7901.5654  0.3676 
   00651    0.4028   -7864.1601  0.3686 
   00652    0.4032   -7835.3578  0.3660 
   00653    0.4160   -7885.2413  0.3602 
   00654    0.4148   -7949.7712  0.3545 
   00655    0.4068   -7914.9225  0.3551 
   00656    0.3908   -7923.9817  0.3557 
   00657    0.4056   -7966.9052  0.3517 
   00658    0.4072   -7931.8739  0.3511 
   00659    0.4048   -8045.9197  0.3545 
   00660    0.3808   -8016.4994  0.3538 
   00661    0.4096   -8027.6334  0.3533 
   00662    0.3900   -8068.6062  0.3558 
   00663    0.3952   -8009.6641  0.3559 
   00664    0.3800   -7998.4725  0.3581 
   00665    0.3932   -7999.3829  0.3569 
   00666    0.4048   -7981.3125  0.3575 
   00667    0.4044   -7935.8180  0.3588 
   00668    0.3992   -7988.5780  0.3535 
   00669    0.4144   -8010.7189  0.3559 
   00670    0.4060   -7937.6440  0.3504 
   00671    0.4112   -7832.4371  0.3494 
   00672    0.4076   -7907.3449  0.3511 
   00673    0.4128   -7885.7377  0.3499 
   00674    0.3868   -7853.1968  0.3558 
   00675    0.4020   -7833.0544  0.3554 
   00676    0.4144   -7805.7275  0.3497 
   00677    0.3832   -7909.9145  0.3511 
   00678    0.4040   -7906.9161  0.3479 
   00679    0.4120   -7922.0566  0.3424 
   00680    0.4268   -7927.5041  0.3470 
   00681    0.4052   -7975.0950  0.3418 
   00682    0.4260   -7949.1743  0.3428 
   00683    0.4020   -7987.2381  0.3382 
   00684    0.3920   -8026.8642  0.3398 
   00685    0.4012   -8017.3284  0.3429 
   00686    0.3996   -7949.7368  0.3396 
   00687    0.4060   -8007.4579  0.3420 
   00688    0.3876   -7996.2639  0.3392 
   00689    0.3840   -7988.5506  0.3405 
   00690    0.3884   -7999.5863  0.3394 
   00691    0.4076   -7954.2134  0.3412 
   00692    0.4136   -7954.4966  0.3377 
   00693    0.4008   -7936.4843  0.3376 
   00694    0.4024   -7911.0329  0.3396 
   00695    0.4032   -7847.0491  0.3475 
   00696    0.3984   -7847.8899  0.3506 
   00697    0.4020   -7860.5349  0.3461 
   00698    0.4236   -7851.1813  0.3521 
   00699    0.4088   -7821.6136  0.3506 
   00700    0.4044   -7879.3879  0.3539 
   00701    0.3916   -7843.4479  0.3605 
   00702    0.4024   -7823.7487  0.3589 
   00703    0.4020   -7878.2230  0.3566 
   00704    0.3968   -7886.1955  0.3553 
   00705    0.4064   -7806.1688  0.3528 
   00706    0.4124   -7863.1714  0.3585 
   00707    0.4008   -7794.4598  0.3560 
   00708    0.4024   -7812.3973  0.3566 
   00709    0.3988   -7804.2935  0.3573 
   00710    0.4212   -7785.6355  0.3528 
   00711    0.4140   -7799.6433  0.3594 
   00712    0.4148   -7846.3998  0.3679 
   00713    0.4032   -7815.3543  0.3837 
   00714    0.4088   -7875.3029  0.3793 
   00715    0.4136   -7845.4608  0.3854 
   00716    0.4088   -7880.4593  0.3839 
   00717    0.4056   -7901.5009  0.3759 
   00718    0.4196   -7947.1616  0.3770 
   00719    0.3952   -7950.9167  0.3788 
   00720    0.3860   -7928.0505  0.3769 
   00721    0.4140   -7975.1793  0.3770 
   00722    0.4092   -7950.8706  0.3720 
   00723    0.3876   -7978.0355  0.3766 
   00724    0.4000   -7930.6454  0.3689 
   00725    0.4100   -7912.7983  0.3710 
   00726    0.4004   -7853.5824  0.3658 
   00727    0.4088   -7750.3775  0.3634 
   00728    0.4144   -7762.2108  0.3602 
   00729    0.4184   -7787.0057  0.3608 
   00730    0.4236   -7764.1648  0.3673 
   00731    0.4176   -7726.5316  0.3621 
   00732    0.3996   -7740.1082  0.3638 
   00733    0.4180   -7819.5148  0.3640 
   00734    0.4208   -7805.1666  0.3592 
   00735    0.4056   -7782.5963  0.3637 
   00736    0.4188   -7760.7927  0.3655 
   00737    0.4124   -7776.2707  0.3545 
   00738    0.4336   -7804.2758  0.3586 
   00739    0.3956   -7843.3415  0.3658 
   00740    0.3964   -7830.0584  0.3685 
   00741    0.4196   -7802.2076  0.3691 
   00742    0.4096   -7844.2323  0.3672 
   00743    0.3968   -7856.9080  0.3669 
   00744    0.3972   -7843.8771  0.3676 
   00745    0.4008   -7816.9504  0.3583 
   00746    0.4020   -7887.7201  0.3577 
   00747    0.4064   -7828.0309  0.3576 
   00748    0.4004   -7835.9305  0.3563 
   00749    0.4060   -7836.7314  0.3526 
   00750    0.3844   -7876.5535  0.3588 
   00751    0.4012   -7832.4660  0.3563 
   00752    0.3988   -7762.9455  0.3605 
   00753    0.3960   -7747.2788  0.3649 
   00754    0.4180   -7799.3770  0.3646 
   00755    0.4140   -7805.6672  0.3695 
   00756    0.4064   -7850.8638  0.3675 
   00757    0.3936   -7827.7762  0.3694 
   00758    0.4144   -7855.8406  0.3739 
   00759    0.4188   -7849.6098  0.3699 
   00760    0.4120   -7886.9584  0.3704 
   00761    0.3968   -7949.8742  0.3696 
   00762    0.4136   -7959.4377  0.3744 
   00763    0.4084   -7936.3832  0.3785 
   00764    0.4048   -7931.7840  0.3839 
   00765    0.4036   -7904.0892  0.3855 
   00766    0.4040   -7895.6478  0.3797 
   00767    0.4032   -7900.6700  0.3797 
   00768    0.3976   -7907.2714  0.3811 
   00769    0.4060   -7913.8359  0.3798 
   00770    0.4084   -7920.1488  0.3872 
   00771    0.4084   -7941.8453  0.3826 
   00772    0.4028   -7938.5842  0.3874 
   00773    0.4044   -7936.1521  0.3892 
   00774    0.4012   -7896.1449  0.3871 
   00775    0.3992   -7929.4725  0.3845 
   00776    0.4052   -7970.0757  0.3938 
   00777    0.3904   -7966.3703  0.3940 
   00778    0.4088   -8016.8977  0.3905 
   00779    0.4012   -8023.9632  0.3812 
   00780    0.4096   -7993.2287  0.3765 
   00781    0.4164   -7951.0103  0.3734 
   00782    0.3932   -7890.2259  0.3717 
   00783    0.4052   -7911.7865  0.3626 
   00784    0.3968   -7925.8781  0.3725 
   00785    0.4236   -7939.9880  0.3854 
   00786    0.3880   -7907.2782  0.3935 
   00787    0.3920   -7881.4147  0.3892 
   00788    0.4016   -7941.2294  0.3956 
   00789    0.4084   -7954.9292  0.3951 
   00790    0.4024   -7943.3771  0.3870 
   00791    0.4044   -7936.8110  0.3826 
   00792    0.3884   -7978.6826  0.3839 
   00793    0.4024   -7959.7180  0.3899 
   00794    0.3964   -7900.9064  0.3803 
   00795    0.4128   -7864.3603  0.3827 
   00796    0.3956   -7828.3042  0.3804 
   00797    0.3984   -7909.2517  0.3747 
   00798    0.4116   -7936.1415  0.3773 
   00799    0.3972   -7862.6888  0.3779 
   00800    0.4184   -7874.2690  0.3768 
   00801    0.3844   -7862.6304  0.3780 
   00802    0.4016   -7901.9532  0.3654 
   00803    0.4056   -7893.7241  0.3660 
   00804    0.4012   -7911.1229  0.3630 
   00805    0.3940   -7870.9804  0.3649 
   00806    0.4140   -7892.6348  0.3609 
   00807    0.3920   -7891.4172  0.3493 
   00808    0.4056   -7897.3779  0.3415 
   00809    0.4152   -7869.5425  0.3387 
   00810    0.4048   -7850.8781  0.3442 
   00811    0.4208   -7849.7456  0.3526 
   00812    0.4172   -7837.9881  0.3593 
   00813    0.4172   -7846.0726  0.3664 
   00814    0.4096   -7903.8312  0.3654 
   00815    0.3944   -7869.5715  0.3649 
   00816    0.4108   -7884.0592  0.3628 
   00817    0.3916   -7865.2856  0.3637 
   00818    0.4212   -7806.9721  0.3577 
   00819    0.4008   -7855.5289  0.3615 
   00820    0.4220   -7842.2330  0.3608 
   00821    0.3888   -7775.4722  0.3629 
   00822    0.4056   -7710.5204  0.3651 
   00823    0.4188   -7778.2373  0.3632 
   00824    0.4056   -7830.3206  0.3657 
   00825    0.4016   -7837.8602  0.3628 
   00826    0.4136   -7865.9355  0.3617 
   00827    0.4268   -7941.1619  0.3685 
   00828    0.4120   -7947.9908  0.3705 
   00829    0.3956   -7958.6102  0.3677 
   00830    0.3964   -7956.9498  0.3709 
   00831    0.3912   -8022.8403  0.3649 
   00832    0.4080   -7981.3781  0.3669 
   00833    0.3948   -7969.1927  0.3722 
   00834    0.3868   -7930.3818  0.3709 
   00835    0.4108   -7911.7891  0.3701 
   00836    0.3956   -7924.4670  0.3707 
   00837    0.4140   -7959.8084  0.3702 
   00838    0.4048   -7964.8397  0.3722 
   00839    0.3880   -7981.4686  0.3718 
   00840    0.4056   -7981.2951  0.3725 
   00841    0.3852   -7929.3715  0.3704 
   00842    0.4088   -7906.8065  0.3794 
   00843    0.3952   -7930.7633  0.3733 
   00844    0.3812   -7954.7121  0.3717 
   00845    0.4004   -7945.4774  0.3804 
   00846    0.4032   -7863.0619  0.3834 
   00847    0.4124   -7914.1637  0.3837 
   00848    0.4112   -7906.9075  0.3847 
   00849    0.3968   -7869.5751  0.3851 
   00850    0.4008   -7849.1233  0.3936 
   00851    0.3964   -7887.6476  0.4004 
   00852    0.4008   -7924.3369  0.3996 
   00853    0.3964   -7941.6907  0.4017 
   00854    0.4012   -7876.8847  0.3973 
   00855    0.4068   -7850.7859  0.3918 
   00856    0.4224   -7888.8029  0.3957 
   00857    0.4044   -7812.3069  0.3990 
   00858    0.4044   -7815.5166  0.4031 
   00859    0.4252   -7847.5300  0.4061 
   00860    0.4164   -7810.3402  0.4097 
   00861    0.4072   -7783.5323  0.4111 
   00862    0.3892   -7809.1297  0.4075 
   00863    0.3884   -7849.2999  0.4096 
   00864    0.3996   -7831.4069  0.4075 
   00865    0.4064   -7813.7442  0.4108 
   00866    0.3960   -7840.9044  0.4089 
   00867    0.4268   -7870.1119  0.4077 
   00868    0.4212   -7782.3093  0.4100 
   00869    0.4100   -7818.7412  0.4105 
   00870    0.4008   -7860.1992  0.4189 
   00871    0.4088   -7905.1168  0.4229 
   00872    0.4108   -7936.3273  0.4230 
   00873    0.3968   -7895.7366  0.4263 
   00874    0.4100   -7857.7941  0.4197 
   00875    0.4036   -7876.8788  0.4226 
   00876    0.3936   -7955.7924  0.4192 
   00877    0.4100   -7901.9616  0.4165 
   00878    0.3948   -7871.0129  0.4074 
   00879    0.4120   -7820.2175  0.4082 
   00880    0.4076   -7823.0431  0.4051 
   00881    0.4300   -7912.6071  0.4149 
   00882    0.3960   -7898.6959  0.4140 
   00883    0.3916   -7907.7135  0.4112 
   00884    0.4152   -7851.7812  0.4030 
   00885    0.4068   -7910.0672  0.4036 
   00886    0.4132   -7905.3998  0.4018 
   00887    0.4124   -7935.5578  0.4144 
   00888    0.4064   -7976.7891  0.4146 
   00889    0.4096   -7958.7671  0.4154 
   00890    0.4016   -7930.0591  0.4085 
   00891    0.4156   -7889.6700  0.3982 
   00892    0.4012   -7895.6713  0.4007 
   00893    0.4068   -7813.4953  0.3937 
   00894    0.4124   -7812.8633  0.3991 
   00895    0.4068   -7870.1206  0.3986 
   00896    0.4156   -7913.0291  0.4022 
   00897    0.4200   -7870.0236  0.4001 
   00898    0.4156   -7866.2702  0.4031 
   00899    0.4020   -7843.1934  0.4100 
   00900    0.4096   -7863.4381  0.4115 
   00901    0.4032   -7865.8384  0.4226 
   00902    0.4032   -7877.5627  0.4250 
   00903    0.3936   -7902.8569  0.4193 
   00904    0.4148   -7903.9806  0.4287 
   00905    0.3920   -7881.9700  0.4268 
   00906    0.3988   -7919.1939  0.4315 
   00907    0.4040   -7902.6774  0.4251 
   00908    0.4108   -7856.6421  0.4293 
   00909    0.4172   -7854.1372  0.4288 
   00910    0.4156   -7808.5174  0.4297 
   00911    0.4272   -7832.6315  0.4269 
   00912    0.3832   -7864.9826  0.4214 
   00913    0.4032   -7852.5932  0.4151 
   00914    0.4172   -7893.7256  0.4130 
   00915    0.4248   -7841.1833  0.4139 
   00916    0.3972   -7835.7313  0.4142 
   00917    0.4052   -7863.4083  0.4149 
   00918    0.4116   -7756.1010  0.4044 
   00919    0.4092   -7808.1163  0.3993 
   00920    0.4052   -7821.0518  0.4093 
   00921    0.4076   -7889.6376  0.4163 
   00922    0.3984   -7880.5055  0.4045 
   00923    0.3936   -7848.5251  0.4064 
   00924    0.4100   -7866.5516  0.4070 
   00925    0.4064   -7831.8284  0.4097 
   00926    0.3988   -7851.5541  0.4155 
   00927    0.4004   -7873.8471  0.4130 
   00928    0.4172   -7901.1736  0.4136 
   00929    0.3960   -7870.3190  0.4150 
   00930    0.4092   -7900.9389  0.4174 
   00931    0.3848   -7884.1087  0.4158 
   00932    0.4200   -7832.1945  0.4167 
   00933    0.4008   -7861.3386  0.4195 
   00934    0.4124   -7821.3525  0.4133 
   00935    0.4144   -7865.3250  0.4125 
   00936    0.3888   -7864.9449  0.4160 
   00937    0.4064   -7778.8268  0.4068 
   00938    0.4084   -7846.8243  0.4094 
   00939    0.4104   -7884.6308  0.4069 
   00940    0.3852   -7891.8356  0.4007 
   00941    0.3940   -7916.3568  0.3947 
   00942    0.4000   -7968.4289  0.4022 
   00943    0.4060   -8016.0876  0.3995 
   00944    0.3960   -7994.1722  0.4005 
   00945    0.3868   -7987.6531  0.4073 
   00946    0.4028   -7934.7478  0.4048 
   00947    0.4196   -7924.5376  0.4045 
   00948    0.3996   -7935.8037  0.4052 
   00949    0.3944   -7967.2409  0.4059 
   00950    0.4108   -7988.4839  0.3995 
   00951    0.3940   -7928.9681  0.3995 
   00952    0.4028   -7964.9657  0.4006 
   00953    0.4216   -7921.4717  0.3991 
   00954    0.3988   -7952.6393  0.3977 
   00955    0.4096   -8006.0839  0.4010 
   00956    0.4096   -7971.4195  0.3990 
   00957    0.3980   -7947.8286  0.3928 
   00958    0.4036   -7920.1666  0.3968 
   00959    0.4140   -7902.1770  0.3988 
   00960    0.3964   -7905.7114  0.3881 
   00961    0.4104   -7917.3603  0.3889 
   00962    0.3956   -7900.7113  0.3894 
   00963    0.4084   -7928.1558  0.3801 
   00964    0.4016   -7908.4336  0.3826 
   00965    0.4248   -7929.4625  0.3831 
   00966    0.3992   -7916.0557  0.3838 
   00967    0.3932   -7891.3839  0.3870 
   00968    0.4080   -7893.5483  0.3897 
   00969    0.4116   -7942.6049  0.3928 
   00970    0.4088   -7934.0347  0.3920 
   00971    0.3900   -7891.6477  0.3948 
   00972    0.4088   -7898.9358  0.3954 
   00973    0.4020   -7925.4329  0.3997 
   00974    0.4000   -7976.2800  0.4149 
   00975    0.4108   -8009.8853  0.4117 
   00976    0.4000   -8010.6703  0.4088 
   00977    0.3916   -7968.8452  0.4107 
   00978    0.4044   -7936.2608  0.4162 
   00979    0.3968   -7957.1710  0.4090 
   00980    0.4060   -7997.9093  0.4154 
   00981    0.4040   -7938.5446  0.4141 
   00982    0.3888   -7940.7203  0.4070 
   00983    0.4076   -7898.5937  0.4041 
   00984    0.4112   -7840.9950  0.3977 
   00985    0.4056   -7840.3126  0.3965 
   00986    0.3944   -7851.5231  0.4030 
   00987    0.3944   -7840.8004  0.4010 
   00988    0.4032   -7834.6081  0.4026 
   00989    0.4200   -7801.2308  0.3983 
   00990    0.3856   -7881.2305  0.4078 
   00991    0.4008   -7889.7894  0.4099 
   00992    0.4136   -7871.1137  0.4105 
   00993    0.4240   -7820.7088  0.4113 
   00994    0.4024   -7951.3041  0.4175 
   00995    0.3816   -7908.3094  0.4182 
   00996    0.4008   -7888.7498  0.4172 
   00997    0.4012   -7927.6669  0.4093 
   00998    0.4016   -7932.0808  0.4159 
   00999    0.4216   -7971.2960  0.4189 
   01000    0.4104   -7953.6359  0.4132 
