#=====================================================
# File created:        Sat-09-Mar-2024-at-08-25-15PM
# Size of lattice:     50x50
# Number of MC steps:  1000
# Reduced temperature: 0.650
# Run time (s):        68.393555
#=====================================================
# MC step:  Ratio:     Energy:   Order:
#=====================================================
   00000    0.5000   -2535.5307  0.2568 
   00001    0.6888   -3852.7241  0.2562 
   00002    0.6240   -4547.9135  0.2648 
   00003    0.5488   -5064.8521  0.2666 
   00004    0.5352   -5438.4987  0.2684 
   00005    0.5212   -5834.6653  0.2795 
   00006    0.4984   -6069.2950  0.2798 
   00007    0.4900   -6263.1778  0.2778 
   00008    0.4852   -6413.4451  0.2806 
   00009    0.4788   -6596.8039  0.2954 
   00010    0.4600   -6612.7576  0.2914 
   00011    0.4712   -6671.2519  0.2898 
   00012    0.4452   -6790.1124  0.2966 
   00013    0.4420   -6890.7399  0.3014 
   00014    0.4460   -6933.5086  0.3047 
   00015    0.4392   -6951.3852  0.3110 
   00016    0.4720   -7037.8144  0.3193 
   00017    0.4420   -7078.6807  0.3212 
   00018    0.4296   -7048.8433  0.3247 
   00019    0.4376   -7174.2405  0.3229 
   00020    0.4300   -7174.1720  0.3216 
   00021    0.4476   -7242.6376  0.3256 
   00022    0.4336   -7243.2142  0.3242 
   00023    0.4400   -7240.5808  0.3277 
   00024    0.4496   -7303.4157  0.3346 
   00025    0.4428   -7324.5302  0.3273 
   00026    0.4420   -7338.4495  0.3333 
   00027    0.4240   -7335.2703  0.3343 
   00028    0.4348   -7385.2078  0.3463 
   00029    0.4288   -7439.5521  0.3511 
   00030    0.4120   -7473.5573  0.3484 
   00031    0.4136   -7492.6222  0.3544 
   00032    0.4080   -7420.0436  0.3580 
   00033    0.4240   -7468.7319  0.3601 
   00034    0.4264   -7456.8666  0.3544 
   00035    0.4164   -7560.4759  0.3502 
   00036    0.4124   -7544.1785  0.3453 
   00037    0.4204   -7486.0315  0.3450 
   00038    0.4256   -7430.8462  0.3424 
   00039    0.4208   -7460.8301  0.3392 
   00040    0.4192   -7471.0429  0.3412 
   00041    0.4140   -7475.5453  0.3404 
   00042    0.4344   -7493.3487  0.3485 
   00043    0.4260   -7500.7221  0.3554 
   00044    0.4104   -7592.5792  0.3531 
   00045    0.4340   -7548.9255  0.3458 
   00046    0.4220   -7623.5048  0.3402 
   00047    0.4068   -7652.7727  0.3383 
   00048    0.4108   -7651.7622  0.3358 
   00049    0.4244   -7630.7483  0.3347 
   00050    0.4184   -7621.7288  0.3378 
   00051    0.4256   -7626.4906  0.3381 
   00052    0.4200   -7640.7434  0.3330 
   00053    0.4028   -7649.8110  0.3390 
   00054    0.4156   -7719.4182  0.3455 
   00055    0.4040   -7698.3546  0.3450 
   00056    0.4112   -7728.2315  0.3539 
   00057    0.4140   -7635.1701  0.3555 
   00058    0.4052   -7651.7780  0.3540 
   00059    0.4148   -7658.1831  0.3535 
   00060    0.4048   -7681.9017  0.3486 
   00061    0.4192   -7679.9073  0.3396 
   00062    0.4100   -7703.1257  0.3424 
   00063    0.4316   -7677.7944  0.3440 
   00064    0.3984   -7674.2773  0.3426 
   00065    0.4220   -7676.4738  0.3478 
   00066    0.4128   -7680.9673  0.3459 
   00067    0.4152   -7634.4823  0.3530 
   00068    0.4060   -7636.9489  0.3531 
   00069    0.3960   -7606.8768  0.3620 
   00070    0.4172   -7618.5013  0.3613 
   00071    0.4012   -7662.0692  0.3675 
   00072    0.4124   -7638.2486  0.3762 
   00073    0.4064   -7591.7078  0.3789 
   00074    0.4348   -7618.6569  0.3741 
   00075    0.4196   -7653.5668  0.3757 
   00076    0.4136   -7667.5018  0.3684 
   00077    0.4032   -7708.5816  0.3711 
   00078    0.4108   -7686.4355  0.3565 
   00079    0.4196   -7747.8347  0.3569 
   00080    0.4080   -7787.3325  0.3591 
   00081    0.4004   -7776.6363  0.3627 
   00082    0.4056   -7748.4795  0.3615 
   00083    0.4200   -7711.5756  0.3640 
   00084    0.4292   -7679.8528  0.3678 
   00085    0.3996   -7716.4412  0.3729 
   00086    0.4204   -7755.1121  0.3685 
   00087    0.4028   -7769.6495  0.3700 
   00088    0.4088   -7739.0451  0.3683 
   00089    0.4104   -7815.1013  0.3703 
   00090    0.4016   -7836.5368  0.3749 
   00091    0.4140   -7826.2802  0.3846 
   00092    0.3980   -7822.2667  0.3738 
   00093    0.4044   -7777.8718  0.3718 
   00094    0.3884   -7803.8730  0.3749 
   00095    0.4044   -7790.6667  0.3920 
   00096    0.4076   -7824.8495  0.3883 
   00097    0.4044   -7782.5785  0.3877 
   00098    0.4092   -7781.7616  0.3923 
   00099    0.4084   -7774.0064  0.3977 
   00100    0.4068   -7810.1861  0.3851 
   00101    0.4240   -7858.2647  0.3879 
   00102    0.3976   -7836.0170  0.3958 
   00103    0.4204   -7817.9244  0.3978 
   00104    0.4044   -7854.0300  0.3923 
   00105    0.4164   -7887.2582  0.3943 
   00106    0.3980   -7894.1144  0.3953 
   00107    0.4008   -7963.1096  0.4027 
   00108    0.4020   -7947.2644  0.4060 
   00109    0.3996   -7904.7829  0.4052 
   00110    0.4040   -7861.5782  0.4044 
   00111    0.3992   -7836.2102  0.4115 
   00112    0.4168   -7860.8333  0.4224 
   00113    0.4056   -7795.7726  0.4157 
   00114    0.4272   -7807.0034  0.4147 
   00115    0.4228   -7896.3627  0.4228 
   00116    0.3796   -7925.3781  0.4255 
   00117    0.4032   -7956.1266  0.4266 
   00118    0.3848   -7938.7303  0.4342 
   00119    0.4176   -7916.2203  0.4332 
   00120    0.4020   -7871.5698  0.4255 
   00121    0.4164   -7869.1314  0.4251 
   00122    0.3976   -7915.8887  0.4269 
   00123    0.4180   -7890.8405  0.4303 
   00124    0.4244   -7889.0800  0.4289 
   00125    0.3968   -7867.7420  0.4315 
   00126    0.4012   -7851.2143  0.4320 
   00127    0.3916   -7874.3297  0.4339 
   00128    0.4120   -7917.2375  0.4278 
   00129    0.3904   -7911.6358  0.4294 
   00130    0.4072   -7897.1310  0.4330 
   00131    0.3864   -7879.1196  0.4369 
   00132    0.3924   -7934.3451  0.4363 
   00133    0.4096   -7902.7191  0.4434 
   00134    0.4144   -7938.7852  0.4422 
   00135    0.3996   -7908.4407  0.4339 
   00136    0.3944   -7867.3964  0.4303 
   00137    0.4032   -7880.4330  0.4254 
   00138    0.4068   -7865.3651  0.4264 
   00139    0.4168   -7837.3231  0.4193 
   00140    0.3984   -7817.8057  0.4180 
   00141    0.4032   -7841.3861  0.4191 
   00142    0.4088   -7876.5160  0.4133 
   00143    0.4128   -7861.5085  0.4135 
   00144    0.4044   -7875.7542  0.4182 
   00145    0.4104   -7824.8578  0.4160 
   00146    0.3908   -7833.8931  0.4223 
   00147    0.4052   -7890.2295  0.4208 
   00148    0.4196   -7881.2361  0.4262 
   00149    0.4124   -7911.3433  0.4279 
   00150    0.3956   -7925.2918  0.4231 
   00151    0.3948   -7871.4443  0.4194 
   00152    0.3920   -7925.5604  0.4254 
   00153    0.4040   -7934.1770  0.4285 
   00154    0.3876   -7909.9586  0.4347 
   00155    0.4108   -7890.0634  0.4346 
   00156    0.4000   -7877.7351  0.4325 
   00157    0.4196   -7892.9032  0.4284 
   00158    0.4192   -7873.3395  0.4221 
   00159    0.4120   -7880.4878  0.4228 
   00160    0.3904   -7834.6787  0.4175 
   00161    0.4016   -7792.5087  0.4162 
   00162    0.4228   -7821.2191  0.4158 
   00163    0.4144   -7777.6354  0.4120 
   00164    0.4032   -7779.1240  0.4117 
   00165    0.4004   -7849.9885  0.4186 
   00166    0.4108   -7844.5895  0.4154 
   00167    0.4048   -7839.0018  0.4157 
   00168    0.3952   -7886.0400  0.4179 
   00169    0.3896   -7862.0218  0.4169 
   00170    0.4120   -7912.2432  0.4142 
   00171    0.3904   -7853.3616  0.4114 
   00172    0.4164   -7793.3851  0.4106 
   00173    0.4028   -7821.8427  0.4194 
   00174    0.3936   -7785.8661  0.4166 
   00175    0.4120   -7779.9208  0.4222 
   00176    0.4076   -7752.9748  0.4271 
   00177    0.3976   -7742.7040  0.4245 
   00178    0.3964   -7765.3544  0.4334 
   00179    0.4140   -7742.1927  0.4307 
   00180    0.4200   -7786.2144  0.4309 
   00181    0.4164   -7797.0001  0.4269 
   00182    0.3996   -7743.1609  0.4245 
   00183    0.4096   -7729.0844  0.4251 
   00184    0.4140   -7693.7663  0.4251 
   00185    0.4168   -7773.9285  0.4284 
   00186    0.4016   -7747.8724  0.4278 
   00187    0.4112   -7791.6614  0.4276 
   00188    0.3980   -7874.0692  0.4300 
   00189    0.3912   -7831.5902  0.4303 
   00190    0.4144   -7829.7761  0.4335 
   00191    0.3960   -7865.0228  0.4365 
   00192    0.4012   -7925.5172  0.4360 
   00193    0.3908   -7894.5522  0.4355 
   00194    0.3924   -7834.8762  0.4349 
   00195    0.4132   -7874.2003  0.4302 
   00196    0.4044   -7912.4857  0.4320 
   00197    0.4004   -7879.7411  0.4260 
   00198    0.3984   -7835.2070  0.4173 
   00199    0.3948   -7938.6252  0.4159 
   00200    0.3984   -7941.6233  0.4212 
   00201    0.4036   -7890.1862  0.4206 
   00202    0.4060   -7854.5437  0.4139 
   00203    0.4080   -7866.3622  0.4194 
   00204    0.3996   -7848.0822  0.4208 
   00205    0.4080   -7842.3382  0.4124 
   00206    0.4104   -7861.6840  0.4066 
   00207    0.4020   -7877.7542  0.4139 
   00208    0.3956   -7887.1806  0.4165 
   00209    0.4148   -7916.3560  0.4126 
   00210    0.4152   -7904.6742  0.4085 
   00211    0.4140   -7885.8066  0.4144 
   00212    0.4008   -7823.7484  0.4166 
   00213    0.4132   -7818.4933  0.4188 
   00214    0.4040   -7828.0644  0.4115 
   00215    0.4028   -7789.1175  0.4103 
   00216    0.4220   -7822.0446  0.4068 
   00217    0.4008   -7813.3978  0.4025 
   00218    0.4192   -7791.9492  0.3989 
   00219    0.3992   -7769.8499  0.3985 
   00220    0.4060   -7742.2381  0.4034 
   00221    0.4100   -7759.1590  0.4180 
   00222    0.4012   -7783.9619  0.4216 
   00223    0.4096   -7813.2230  0.4277 
   00224    0.4048   -7846.4815  0.4254 
   00225    0.4212   -7927.1485  0.4283 
   00226    0.4016   -7953.9577  0.4235 
   00227    0.4044   -7965.8878  0.4290 
   00228    0.4044   -7966.4987  0.4343 
   00229    0.4044   -7955.8814  0.4294 
   00230    0.4132   -7918.3562  0.4270 
   00231    0.4064   -7935.1536  0.4224 
   00232    0.4064   -7939.3698  0.4300 
   00233    0.4036   -7915.4464  0.4269 
   00234    0.4168   -7922.9005  0.4168 
   00235    0.3956   -7908.7553  0.4206 
   00236    0.4028   -7844.6321  0.4152 
   00237    0.4068   -7784.2055  0.4099 
   00238    0.4140   -7749.4420  0.4125 
   00239    0.4012   -7760.0380  0.4116 
   00240    0.4084   -7811.2550  0.4106 
   00241    0.4004   -7793.9895  0.4060 
   00242    0.4140   -7780.1721  0.4090 
   00243    0.4040   -7735.6167  0.4014 
   00244    0.4108   -7824.6749  0.4040 
   00245    0.4260   -7776.9591  0.4040 
   00246    0.3916   -7815.4711  0.4026 
   00247    0.3948   -7788.3223  0.4006 
   00248    0.4268   -7794.0537  0.4023 
   00249    0.4216   -7791.9535  0.4021 
   00250    0.4200   -7822.7670  0.4108 
   00251    0.3952   -7885.8765  0.4058 
   00252    0.4008   -7850.0175  0.4098 
   00253    0.4000   -7794.7306  0.4082 
   00254    0.4208   -7793.3774  0.4082 
   00255    0.4092   -7887.0549  0.4048 
   00256    0.4024   -7893.8320  0.4089 
   00257    0.3844   -7806.3522  0.4176 
   00258    0.4092   -7786.6030  0.4239 
   00259    0.3952   -7802.2066  0.4358 
   00260    0.4160   -7821.8840  0.4429 
   00261    0.4064   -7864.2125  0.4527 
   00262    0.4156   -7858.5011  0.4634 
   00263    0.4168   -7858.2519  0.4662 
   00264    0.4056   -7926.6812  0.4666 
   00265    0.3992   -7871.4880  0.4682 
   00266    0.4164   -7868.8070  0.4588 
   00267    0.4024   -7915.8564  0.4550 
   00268    0.4028   -7921.9321  0.4641 
   00269    0.4124   -7926.5383  0.4600 
   00270    0.3968   -7913.4036  0.4624 
   00271    0.3956   -7903.6698  0.4617 
   00272    0.4220   -7964.7534  0.4587 
   00273    0.3952   -7967.3282  0.4568 
   00274    0.3980   -7953.8893  0.4553 
   00275    0.4012   -7981.5350  0.4590 
   00276    0.4152   -7979.4821  0.4572 
   00277    0.3864   -7992.5338  0.4579 
   00278    0.4040   -7984.2084  0.4624 
   00279    0.3940   -8019.8014  0.4538 
   00280    0.3976   -8014.9494  0.4577 
   00281    0.4064   -8012.8085  0.4607 
   00282    0.3920   -8003.7763  0.4614 
   00283    0.3924   -7986.3102  0.4630 
   00284    0.4016   -7955.6569  0.4585 
   00285    0.4016   -7994.8064  0.4591 
   00286    0.3904   -7923.8053  0.4548 
   00287    0.4052   -7880.2722  0.4482 
   00288    0.4004   -7884.2604  0.4480 
   00289    0.4080   -7891.6444  0.4492 
   00290    0.3980   -7909.7810  0.4508 
   00291    0.4000   -7945.7340  0.4506 
   00292    0.3912   -7973.6655  0.4467 
   00293    0.3932   -7965.1439  0.4435 
   00294    0.4108   -7917.5238  0.4352 
   00295    0.4092   -7903.5569  0.4314 
   00296    0.3880   -7854.1474  0.4357 
   00297    0.4080   -7810.8877  0.4291 
   00298    0.4048   -7819.7790  0.4262 
   00299    0.4024   -7920.5292  0.4253 
   00300    0.4044   -7911.8230  0.4383 
   00301    0.4120   -7857.2587  0.4427 
   00302    0.3876   -7866.0812  0.4392 
   00303    0.3936   -7902.8091  0.4369 
   00304    0.3936   -7974.8148  0.4387 
   00305    0.4088   -7918.7215  0.4397 
   00306    0.3936   -7906.5749  0.4409 
   00307    0.4144   -7929.5401  0.4445 
   00308    0.4152   -7961.7300  0.4524 
   00309    0.4008   -7951.7646  0.4511 
   00310    0.3948   -7944.6499  0.4524 
   00311    0.3948   -7938.6213  0.4500 
   00312    0.4040   -7917.5243  0.4488 
   00313    0.4044   -7837.8818  0.4459 
   00314    0.3972   -7858.4694  0.4439 
   00315    0.3876   -7838.3622  0.4409 
   00316    0.4272   -7817.1649  0.4339 
   00317    0.4184   -7829.3253  0.4319 
   00318    0.4020   -7824.3438  0.4354 
   00319    0.4208   -7835.6213  0.4357 
   00320    0.3964   -7868.6649  0.4373 
   00321    0.3980   -7863.8238  0.4406 
   00322    0.4000   -7813.0981  0.4353 
   00323    0.4180   -7802.0728  0.4401 
   00324    0.3996   -7803.6620  0.4405 
   00325    0.4120   -7817.1588  0.4426 
   00326    0.4200   -7873.4158  0.4385 
   00327    0.4084   -7833.5766  0.4432 
   00328    0.4080   -7871.7476  0.4419 
   00329    0.4208   -7866.6920  0.4472 
   00330    0.4048   -7922.7875  0.4451 
   00331    0.4012   -7949.3986  0.4425 
   00332    0.4020   -7984.7211  0.4454 
   00333    0.4104   -7961.2615  0.4536 
   00334    0.4024   -7960.3442  0.4533 
   00335    0.4060   -7885.6891  0.4495 
   00336    0.3820   -7923.0298  0.4544 
   00337    0.4008   -7953.0711  0.4531 
   00338    0.3988   -7947.9124  0.4536 
   00339    0.4000   -7885.0143  0.4534 
   00340    0.3972   -7889.1547  0.4451 
   00341    0.4164   -7891.3829  0.4457 
   00342    0.4084   -7958.6308  0.4420 
   00343    0.4168   -7918.0337  0.4461 
   00344    0.4060   -7893.2639  0.4404 
   00345    0.3956   -7949.1622  0.4362 
   00346    0.4356   -7906.9360  0.4347 
   00347    0.4032   -7906.3130  0.4337 
   00348    0.4096   -7883.2644  0.4374 
   00349    0.4064   -7869.1298  0.4374 
   00350    0.4056   -7823.6224  0.4381 
   00351    0.4188   -7815.8456  0.4373 
   00352    0.4264   -7785.7093  0.4404 
   00353    0.4016   -7810.9471  0.4395 
   00354    0.4072   -7868.4593  0.4451 
   00355    0.3836   -7887.4997  0.4430 
   00356    0.3964   -7922.2656  0.4425 
   00357    0.4072   -7922.2022  0.4413 
   00358    0.4004   -7956.0354  0.4402 
   00359    0.4064   -7938.8955  0.4447 
   00360    0.4228   -7998.5259  0.4449 
   00361    0.3796   -7951.5920  0.4448 
   00362    0.4016   -7927.3961  0.4443 
   00363    0.4036   -7892.8176  0.4388 
   00364    0.4012   -7933.0730  0.4363 
   00365    0.4128   -7945.3700  0.4309 
   00366    0.4064   -7953.0078  0.4335 
   00367    0.4148   -7978.0324  0.4379 
   00368    0.3944   -7955.3591  0.4405 
   00369    0.4108   -7946.5719  0.4408 
   00370    0.3976   -7865.2129  0.4370 
   00371    0.4052   -7911.0682  0.4401 
   00372    0.3992   -7870.8023  0.4423 
   00373    0.3928   -7875.9204  0.4467 
   00374    0.4016   -7950.7398  0.4467 
   00375    0.4060   -7912.1941  0.4599 
   00376    0.4112   -7877.8093  0.4558 
   00377    0.3948   -7894.7458  0.4627 
   00378    0.3888   -7892.9804  0.4647 
   00379    0.4044   -7958.5611  0.4684 
   00380    0.4140   -7992.7646  0.4713 
   00381    0.4072   -7978.7491  0.4831 
   00382    0.3788   -7957.1677  0.4884 
   00383    0.3872   -7989.8622  0.4885 
   00384    0.4160   -7986.7962  0.4830 
   00385    0.4072   -8009.2372  0.4766 
   00386    0.3884   -8048.0351  0.4778 
   00387    0.3960   -8025.6827  0.4793 
   00388    0.4040   -8080.2027  0.4912 
   00389    0.3944   -8003.9020  0.4863 
   00390    0.4004   -8032.6517  0.4904 
   00391    0.4040   -7984.7091  0.4870 
   00392    0.4048   -7951.6863  0.4812 
   00393    0.4004   -7916.9134  0.4748 
   00394    0.4012   -7947.1588  0.4721 
   00395    0.4064   -7887.8367  0.4763 
   00396    0.4124   -7898.9088  0.4715 
   00397    0.3860   -7898.0520  0.4639 
   00398    0.4052   -7926.0530  0.4680 
   00399    0.4036   -7881.7863  0.4706 
   00400    0.4076   -7878.8201  0.4668 
   00401    0.3964   -7842.9169  0.4633 
   00402    0.4124   -7781.3184  0.4598 
   00403    0.4104   -7844.8229  0.4610 
   00404    0.4192   -7888.3095  0.4542 
   00405    0.4116   -7890.7986  0.4637 
   00406    0.4076   -7882.1748  0.4657 
   00407    0.4048   -7852.3006  0.4600 
   00408    0.4288   -7808.0543  0.4497 
   00409    0.4204   -7835.3355  0.4489 
   00410    0.4108   -7822.2724  0.4417 
   00411    0.4060   -7821.0366  0.4403 
   00412    0.4172   -7894.4598  0.4477 
   00413    0.3948   -7918.7103  0.4546 
   00414    0.4052   -7893.7442  0.4595 
   00415    0.4084   -7904.9499  0.4596 
   00416    0.4192   -7930.4143  0.4657 
   00417    0.4120   -7861.4301  0.4662 
   00418    0.4056   -7872.0521  0.4594 
   00419    0.3992   -7881.8402  0.4628 
   00420    0.4112   -7917.9838  0.4668 
   00421    0.3804   -7963.8050  0.4639 
   00422    0.4044   -8007.0920  0.4585 
   00423    0.4084   -7988.5385  0.4605 
   00424    0.4028   -7968.3008  0.4583 
   00425    0.4096   -8001.1398  0.4661 
   00426    0.3864   -7969.7577  0.4683 
   00427    0.4152   -7979.6369  0.4721 
   00428    0.4224   -7979.8754  0.4721 
   00429    0.4000   -8027.5351  0.4625 
   00430    0.4084   -7994.6429  0.4605 
   00431    0.3916   -7932.7568  0.4696 
   00432    0.4252   -7947.8416  0.4735 
   00433    0.3968   -7945.5528  0.4716 
   00434    0.3924   -8012.0185  0.4732 
   00435    0.4036   -7986.8939  0.4735 
   00436    0.4020   -7966.5392  0.4722 
   00437    0.4012   -7921.9696  0.4652 
   00438    0.4032   -7976.2442  0.4660 
   00439    0.4080   -7972.5207  0.4716 
   00440    0.4220   -7983.1687  0.4707 
   00441    0.3868   -7991.1852  0.4726 
   00442    0.3856   -7969.0274  0.4719 
   00443    0.4064   -8006.5546  0.4807 
   00444    0.3992   -7988.1353  0.4839 
   00445    0.4088   -8002.7376  0.4875 
   00446    0.3996   -7979.2193  0.4931 
   00447    0.3948   -7974.5108  0.4957 
   00448    0.3960   -7979.8037  0.4954 
   00449    0.3948   -8006.2782  0.4868 
   00450    0.3860   -7941.5625  0.4768 
   00451    0.3932   -7928.8171  0.4739 
   00452    0.3972   -7951.3256  0.4711 
   00453    0.4040   -7904.5708  0.4691 
   00454    0.3992   -7978.5842  0.4764 
   00455    0.4056   -7994.3784  0.4829 
   00456    0.3864   -8015.8085  0.4777 
   00457    0.3852   -8026.2113  0.4770 
   00458    0.4008   -8007.2459  0.4793 
   00459    0.4088   -7966.1075  0.4775 
   00460    0.4052   -7965.6829  0.4743 
   00461    0.4136   -7931.8626  0.4658 
   00462    0.4096   -7943.8250  0.4633 
   00463    0.4096   -7931.7573  0.4708 
   00464    0.4008   -7972.4459  0.4630 
   00465    0.4196   -7981.9262  0.4677 
   00466    0.3912   -7954.9946  0.4663 
   00467    0.3980   -7927.5342  0.4595 
   00468    0.3884   -7994.6143  0.4667 
   00469    0.4156   -7953.0323  0.4687 
   00470    0.4068   -7967.6114  0.4651 
   00471    0.4028   -8003.1634  0.4614 
   00472    0.4160   -7949.1899  0.4676 
   00473    0.3988   -7952.2448  0.4630 
   00474    0.4048   -7890.5184  0.4610 
   00475    0.4124   -7868.7852  0.4606 
   00476    0.4148   -7874.4519  0.4592 
   00477    0.4040   -7851.0362  0.4590 
   00478    0.4004   -7880.5756  0.4556 
   00479    0.3940   -7872.8742  0.4560 
   00480    0.4064   -7872.9607  0.4579 
   00481    0.3968   -7854.0252  0.4563 
   00482    0.4212   -7874.5705  0.4657 
   00483    0.4068   -7923.8676  0.4719 
   00484    0.3804   -7922.3159  0.4743 
   00485    0.4008   -7910.8754  0.4713 
   00486    0.4036   -7852.9001  0.4742 
   00487    0.3972   -7904.2000  0.4673 
   00488    0.4216   -7905.9726  0.4684 
   00489    0.4080   -7945.7316  0.4622 
   00490    0.3932   -7897.8547  0.4638 
   00491    0.3824   -7915.6947  0.4709 
   00492    0.3876   -7862.4651  0.4691 
   00493    0.4192   -7863.1943  0.4820 
   00494    0.3944   -7952.4500  0.4829 
   00495    0.4040   -7896.4875  0.4814 
   00496    0.4032   -7855.7863  0.4872 
   00497    0.4164   -7842.3677  0.4870 
   00498    0.4136   -7864.2204  0.4878 
   00499    0.4292   -7892.8389  0.4911 
   00500    0.3884   -7852.1216  0.4868 
   00501    0.4068   -7851.9299  0.4932 
   00502    0.4084   -7862.6630  0.4916 
   00503    0.4012   -7848.2719  0.4844 
   00504    0.3920   -7862.4572  0.4987 
   00505    0.4108   -7872.9863  0.5026 
   00506    0.4060   -7921.5247  0.5017 
   00507    0.4168   -7902.2359  0.5091 
   00508    0.4052   -8011.7401  0.5158 
   00509    0.3988   -7990.6371  0.5184 
   00510    0.4024   -7991.0684  0.5183 
   00511    0.4100   -7932.2754  0.5176 
   00512    0.3876   -7936.4325  0.5141 
   00513    0.3904   -7934.2018  0.5216 
   00514    0.4180   -7976.7602  0.5184 
   00515    0.3964   -8036.5227  0.5192 
   00516    0.4080   -8014.6140  0.5155 
   00517    0.3868   -8004.8880  0.5165 
   00518    0.4012   -8021.6467  0.5114 
   00519    0.4148   -8017.4059  0.5059 
   00520    0.4096   -8043.6938  0.5050 
   00521    0.4168   -8054.0420  0.4997 
   00522    0.3816   -8027.2203  0.4979 
   00523    0.3788   -8061.5420  0.4958 
   00524    0.3904   -7971.4891  0.4878 
   00525    0.4044   -7963.0908  0.4794 
   00526    0.4068   -7971.6276  0.4819 
   00527    0.4040   -7962.1922  0.4842 
   00528    0.3996   -7978.0148  0.4876 
   00529    0.3960   -8029.6459  0.4892 
   00530    0.3856   -7987.4913  0.4830 
   00531    0.4032   -7979.5288  0.4861 
   00532    0.4080   -7958.5866  0.4934 
   00533    0.4008   -7940.5629  0.4954 
   00534    0.4048   -7884.0576  0.4914 
   00535    0.4160   -7882.6460  0.4979 
   00536    0.4100   -7960.6470  0.5042 
   00537    0.3872   -7977.3928  0.5045 
   00538    0.4028   -7990.2992  0.5100 
   00539    0.4004   -7952.6221  0.5155 
   00540    0.4012   -7928.5161  0.5127 
   00541    0.3960   -7949.9913  0.5113 
   00542    0.3872   -7969.6506  0.5166 
   00543    0.3940   -7939.0847  0.5063 
   00544    0.4116   -7909.8609  0.5021 
   00545    0.3912   -7895.1307  0.5018 
   00546    0.4256   -7928.6836  0.5011 
   00547    0.3876   -7945.9059  0.4990 
   00548    0.3996   -7923.3522  0.4945 
   00549    0.4140   -7922.8846  0.4939 
   00550    0.4052   -7911.2095  0.4944 
   00551    0.4048   -8021.9725  0.5014 
   00552    0.3944   -7995.0678  0.5013 
   00553    0.3896   -8018.5499  0.4990 
   00554    0.3924   -7983.7700  0.5033 
   00555    0.4052   -7940.4689  0.5098 
   00556    0.4240   -7988.7996  0.5119 
   00557    0.4052   -8018.8343  0.5154 
   00558    0.3912   -7998.3846  0.5095 
   00559    0.3984   -8016.0727  0.5114 
   00560    0.3944   -8013.4382  0.5163 
   00561    0.3924   -7987.4748  0.5175 
   00562    0.4112   -7958.0417  0.5122 
   00563    0.3956   -7981.0112  0.5067 
   00564    0.3912   -8024.1006  0.5128 
   00565    0.3920   -8006.6889  0.5073 
   00566    0.4040   -7991.8619  0.4998 
   00567    0.4024   -7917.6343  0.4934 
   00568    0.4052   -7956.7076  0.4948 
   00569    0.3924   -7906.6969  0.4972 
   00570    0.3980   -7934.7175  0.5001 
   00571    0.4252   -7919.1646  0.4949 
   00572    0.4036   -7901.4602  0.4968 
   00573    0.4012   -7831.7028  0.4939 
   00574    0.4104   -7859.8474  0.4977 
   00575    0.3996   -7879.6331  0.5040 
   00576    0.4148   -7967.0338  0.5087 
   00577    0.4004   -7949.8854  0.5017 
   00578    0.3956   -7935.6211  0.5026 
   00579    0.4196   -7895.2824  0.4998 
   00580    0.4100   -7961.9350  0.4997 
   00581    0.3924   -7919.8048  0.5044 
   00582    0.4048   -7915.6904  0.5104 
   00583    0.4256   -7944.4955  0.5110 
   00584    0.4056   -7917.3316  0.5134 
   00585    0.3836   -7946.9280  0.5171 
   00586    0.3996   -7908.5033  0.5138 
   00587    0.4264   -7861.6900  0.5141 
   00588    0.3888   -7842.3086  0.5095 
   00589    0.4072   -7802.6714  0.5087 
   00590    0.4108   -7745.9854  0.5064 
   00591    0.3996   -7780.2142  0.5023 
   00592    0.4068   -7761.4265  0.4935 
   00593    0.4044   -7768.6498  0.4910 
   00594    0.4116   -7761.7445  0.4951 
   00595    0.4116   -7855.5686  0.4947 
   00596    0.4092   -7843.2983  0.4934 
   00597    0.3952   -7909.9804  0.4997 
   00598    0.4040   -7893.2200  0.5031 
   00599    0.4200   -7843.3973  0.5047 
   00600    0.4088   -7789.3577  0.4997 
   00601    0.4064   -7966.9696  0.5061 
   00602    0.4016   -7985.4199  0.5058 
   00603    0.4040   -7962.3340  0.5073 
   00604    0.3956   -7963.3849  0.5126 
   00605    0.4164   -8015.7360  0.5136 
   00606    0.3984   -7975.0753  0.5185 
   00607    0.4028   -7996.8585  0.5204 
   00608    0.4104   -8008.3647  0.5252 
   00609    0.4000   -7964.2719  0.5226 
   00610    0.3888   -7917.0734  0.5174 
   00611    0.4116   -7885.7374  0.5083 
   00612    0.4076   -7953.8528  0.5119 
   00613    0.3976   -7913.9845  0.5068 
   00614    0.4044   -7827.7556  0.5101 
   00615    0.3884   -7797.0193  0.5070 
   00616    0.4164   -7871.9157  0.5053 
   00617    0.4092   -7894.1263  0.5061 
   00618    0.4072   -7848.5911  0.5062 
   00619    0.3968   -7835.6496  0.5042 
   00620    0.4020   -7857.3545  0.5069 
   00621    0.3996   -7853.0662  0.5143 
   00622    0.4092   -7883.1948  0.5202 
   00623    0.3948   -7882.5448  0.5158 
   00624    0.4184   -7910.8786  0.5125 
   00625    0.4068   -7878.0557  0.5053 
   00626    0.4120   -7835.4025  0.5093 
   00627    0.4072   -7879.7514  0.5164 
   00628    0.4160   -7876.7755  0.5214 
   00629    0.3940   -7864.6021  0.5190 
   00630    0.4032   -7956.0316  0.5285 
   00631    0.3980   -7949.9305  0.5273 
   00632    0.3980   -7968.3138  0.5211 
   00633    0.4008   -7910.4664  0.5190 
   00634    0.4000   -7908.8399  0.5190 
   00635    0.4148   -7962.8336  0.5172 
   00636    0.3888   -7914.3437  0.5269 
   00637    0.4112   -7923.4104  0.5204 
   00638    0.3812   -7921.1843  0.5142 
   00639    0.4124   -7870.2910  0.5190 
   00640    0.3988   -7879.1554  0.5197 
   00641    0.4112   -7818.2783  0.5192 
   00642    0.4132   -7774.8641  0.5142 
   00643    0.4108   -7800.0492  0.5122 
   00644    0.4064   -7866.6132  0.5097 
   00645    0.4084   -7893.7442  0.5077 
   00646    0.3916   -7835.2658  0.4993 
   00647    0.4144   -7863.3383  0.5034 
   00648    0.4104   -7913.4179  0.5094 
   00649    0.4032   -7855.1936  0.5095 
   00650    0.4108   -7812.0267  0.5229 
   00651    0.3952   -7816.2369  0.5229 
   00652    0.4204   -7798.0066  0.5268 
   00653    0.4000   -7890.9508  0.5297 
   00654    0.3952   -7939.4850  0.5335 
   00655    0.3916   -7903.9349  0.5328 
   00656    0.4024   -7929.3410  0.5344 
   00657    0.3916   -7949.7369  0.5394 
   00658    0.4256   -7930.0612  0.5390 
   00659    0.4100   -7941.7242  0.5413 
   00660    0.3928   -7941.3224  0.5394 
   00661    0.3996   -7930.2633  0.5408 
   00662    0.4116   -7912.4867  0.5352 
   00663    0.4064   -7832.9174  0.5287 
   00664    0.4124   -7856.0358  0.5205 
   00665    0.4160   -7901.9941  0.5225 
   00666    0.4016   -7862.2708  0.5246 
   00667    0.4120   -7905.4354  0.5334 
   00668    0.3956   -7937.4331  0.5375 
   00669    0.3972   -7875.4126  0.5449 
   00670    0.3996   -7907.8074  0.5453 
   00671    0.4084   -7944.3550  0.5487 
   00672    0.4048   -7972.7986  0.5510 
   00673    0.3888   -7963.8239  0.5492 
   00674    0.3896   -7958.4805  0.5555 
   00675    0.4048   -7952.9418  0.5599 
   00676    0.3824   -7971.2822  0.5576 
   00677    0.4160   -8022.7665  0.5698 
   00678    0.4088   -7967.9453  0.5663 
   00679    0.3904   -7982.1637  0.5685 
   00680    0.4028   -7945.3885  0.5681 
   00681    0.4240   -7909.9580  0.5598 
   00682    0.4116   -7933.6796  0.5618 
   00683    0.4140   -7928.0247  0.5571 
   00684    0.4004   -7914.6138  0.5565 
   00685    0.3960   -7908.3481  0.5601 
   00686    0.4148   -7907.7730  0.5586 
   00687    0.4108   -7904.1471  0.5653 
   00688    0.3992   -7916.0239  0.5744 
   00689    0.3900   -7897.5346  0.5755 
   00690    0.3996   -7903.1790  0.5729 
   00691    0.4228   -7957.1936  0.5683 
   00692    0.3976   -7985.2953  0.5611 
   00693    0.3960   -7965.9064  0.5650 
   00694    0.3996   -7968.2317  0.5665 
   00695    0.4064   -7988.9562  0.5718 
   00696    0.4032   -7959.4765  0.5720 
   00697    0.4056   -7931.6051  0.5782 
   00698    0.4084   -7856.9873  0.5753 
   00699    0.3948   -7848.7534  0.5744 
   00700    0.4204   -7791.6235  0.5671 
   00701    0.4016   -7822.6638  0.5630 
   00702    0.4008   -7874.3008  0.5678 
   00703    0.4120   -7872.0881  0.5694 
   00704    0.4116   -7890.3650  0.5680 
   00705    0.4192   -7940.8590  0.5680 
   00706    0.4172   -7933.4751  0.5641 
   00707    0.4076   -7923.8409  0.5564 
   00708    0.4116   -7899.7942  0.5589 
   00709    0.4056   -7858.7245  0.5616 
   00710    0.4148   -7917.0604  0.5620 
   00711    0.4220   -7944.1240  0.5676 
   00712    0.3936   -7919.8094  0.5690 
   00713    0.3956   -7926.4240  0.5731 
   00714    0.4148   -7942.8725  0.5682 
   00715    0.4072   -7916.5125  0.5752 
   00716    0.4124   -7954.5329  0.5701 
   00717    0.4052   -7986.0787  0.5687 
   00718    0.3984   -7966.6541  0.5606 
   00719    0.4100   -7925.2700  0.5673 
   00720    0.4044   -7858.1133  0.5669 
   00721    0.4192   -7834.0829  0.5646 
   00722    0.3980   -7872.5569  0.5707 
   00723    0.4212   -7934.1061  0.5720 
   00724    0.3968   -7961.9489  0.5675 
   00725    0.3900   -7971.6355  0.5643 
   00726    0.4220   -8002.5212  0.5638 
   00727    0.4096   -8019.6558  0.5637 
   00728    0.4088   -7998.0218  0.5645 
   00729    0.4004   -8029.0862  0.5636 
   00730    0.3984   -7992.0528  0.5588 
   00731    0.3780   -8026.9435  0.5660 
   00732    0.4084   -8095.9463  0.5733 
   00733    0.3896   -8084.7087  0.5725 
   00734    0.4012   -8071.0679  0.5742 
   00735    0.3944   -7998.1037  0.5734 
   00736    0.4084   -8031.4745  0.5796 
   00737    0.3876   -8038.9078  0.5891 
   00738    0.3800   -8032.6350  0.5848 
   00739    0.3828   -8043.0155  0.5844 
   00740    0.4048   -8043.4800  0.5864 
   00741    0.4052   -8043.0901  0.5878 
   00742    0.3904   -8069.3722  0.5863 
   00743    0.4112   -8055.7157  0.5829 
   00744    0.4056   -7978.0639  0.5836 
   00745    0.3964   -7951.9565  0.5807 
   00746    0.4024   -7999.3635  0.5807 
   00747    0.3848   -7982.4377  0.5798 
   00748    0.3976   -7988.6821  0.5770 
   00749    0.4076   -7977.6258  0.5722 
   00750    0.3884   -7937.5227  0.5704 
   00751    0.4044   -7953.1893  0.5659 
   00752    0.3992   -8036.9374  0.5710 
   00753    0.3936   -7997.9601  0.5730 
   00754    0.3900   -8040.9439  0.5638 
   00755    0.4000   -7998.1274  0.5666 
   00756    0.3924   -7959.2215  0.5586 
   00757    0.4048   -7971.8660  0.5595 
   00758    0.4044   -7953.2869  0.5606 
   00759    0.4180   -7892.9339  0.5495 
   00760    0.4036   -7838.9165  0.5499 
   00761    0.4216   -7846.8281  0.5477 
   00762    0.4084   -7896.8674  0.5434 
   00763    0.4076   -7889.8247  0.5448 
   00764    0.4124   -7879.1385  0.5384 
   00765    0.4040   -7930.7464  0.5340 
   00766    0.4000   -7980.4903  0.5388 
   00767    0.3960   -7938.8916  0.5380 
   00768    0.4024   -7948.0503  0.5348 
   00769    0.3992   -7943.9375  0.5377 
   00770    0.3940   -7924.0720  0.5358 
   00771    0.4120   -7807.0609  0.5331 
   00772    0.4092   -7801.7490  0.5351 
   00773    0.4096   -7805.9210  0.5294 
   00774    0.4100   -7773.1136  0.5296 
   00775    0.4028   -7769.2007  0.5311 
   00776    0.4096   -7787.3100  0.5280 
   00777    0.4032   -7829.5457  0.5283 
   00778    0.4040   -7873.5932  0.5272 
   00779    0.4032   -7863.6065  0.5172 
   00780    0.4068   -7828.3209  0.5175 
   00781    0.4008   -7852.8413  0.5203 
   00782    0.4048   -7916.0904  0.5314 
   00783    0.4000   -7869.2915  0.5230 
   00784    0.3996   -7879.6722  0.5196 
   00785    0.4072   -7855.4316  0.5164 
   00786    0.4216   -7930.3874  0.5193 
   00787    0.4084   -7922.5568  0.5137 
   00788    0.4252   -7911.6632  0.5180 
   00789    0.4276   -7944.9689  0.5208 
   00790    0.3924   -7987.4706  0.5199 
   00791    0.4128   -7954.2115  0.5237 
   00792    0.4060   -7969.2616  0.5233 
   00793    0.3668   -7923.3830  0.5241 
   00794    0.3908   -7917.6198  0.5296 
   00795    0.4048   -7929.3273  0.5317 
   00796    0.3836   -7913.6290  0.5350 
   00797    0.4020   -7948.0834  0.5361 
   00798    0.3872   -7963.0830  0.5348 
   00799    0.3924   -7943.7388  0.5377 
   00800    0.4024   -7959.5019  0.5422 
   00801    0.3980   -7911.8089  0.5428 
   00802    0.4064   -7927.4848  0.5380 
   00803    0.4068   -7922.5113  0.5497 
   00804    0.4028   -7940.9072  0.5528 
   00805    0.4012   -7925.0840  0.5581 
   00806    0.3984   -7915.7845  0.5638 
   00807    0.4164   -7930.9348  0.5685 
   00808    0.4232   -7924.2673  0.5607 
   00809    0.3792   -7928.5808  0.5576 
   00810    0.4236   -7918.1885  0.5591 
   00811    0.3872   -7966.9340  0.5656 
   00812    0.4028   -7960.4907  0.5675 
   00813    0.4076   -7953.0321  0.5688 
   00814    0.3904   -7934.7138  0.5734 
   00815    0.4116   -7912.3892  0.5740 
   00816    0.4076   -7965.5023  0.5774 
   00817    0.4044   -7989.4999  0.5845 
   00818    0.3880   -7960.7850  0.5799 
   00819    0.4080   -7920.3741  0.5799 
   00820    0.3952   -7937.2443  0.5806 
   00821    0.3972   -7938.5162  0.5795 
   00822    0.3976   -7989.1532  0.5797 
   00823    0.4072   -7972.2624  0.5825 
   00824    0.4140   -7923.4104  0.5763 
   00825    0.4008   -7913.8237  0.5726 
   00826    0.3872   -7947.7497  0.5729 
   00827    0.4040   -7976.0886  0.5724 
   00828    0.3964   -7977.9326  0.5793 
   00829    0.4056   -7940.0819  0.5893 
   00830    0.3832   -7951.9291  0.5947 
   00831    0.4108   -7909.9148  0.5930 
   00832    0.4048   -7929.8009  0.5886 
   00833    0.3928   -7913.3549  0.5903 
   00834    0.4156   -7952.4850  0.5846 
   00835    0.4088   -7999.4145  0.5832 
   00836    0.4096   -8005.0924  0.5832 
   00837    0.3932   -8035.2983  0.5870 
   00838    0.3944   -8038.3518  0.5786 
   00839    0.3980   -8017.5115  0.5816 
   00840    0.3940   -8013.3222  0.5830 
   00841    0.4212   -7998.4226  0.5814 
   00842    0.4016   -7973.5346  0.5838 
   00843    0.3912   -8019.5171  0.5786 
   00844    0.3916   -7971.9525  0.5795 
   00845    0.3896   -7977.2233  0.5773 
   00846    0.3996   -7995.3414  0.5692 
   00847    0.3972   -8011.5933  0.5667 
   00848    0.4160   -8055.6447  0.5653 
   00849    0.4084   -8042.2407  0.5610 
   00850    0.4028   -7979.0483  0.5656 
   00851    0.3984   -7884.6845  0.5688 
   00852    0.3948   -7963.9650  0.5741 
   00853    0.4020   -7969.4500  0.5757 
   00854    0.3996   -7948.7469  0.5756 
   00855    0.3908   -7946.0178  0.5710 
   00856    0.3980   -7960.5305  0.5674 
   00857    0.4180   -8034.7391  0.5713 
   00858    0.3856   -7983.0641  0.5675 
   00859    0.3988   -7893.9582  0.5646 
   00860    0.3972   -7892.4461  0.5633 
   00861    0.4100   -7923.0239  0.5682 
   00862    0.3884   -7986.8900  0.5670 
   00863    0.3892   -7985.0141  0.5630 
   00864    0.4040   -7999.0564  0.5633 
   00865    0.4008   -8017.7485  0.5570 
   00866    0.3956   -8002.6369  0.5520 
   00867    0.4044   -7973.2221  0.5479 
   00868    0.4060   -7962.0261  0.5487 
   00869    0.3812   -7972.2103  0.5438 
   00870    0.4096   -7998.4977  0.5450 
   00871    0.3864   -7972.6198  0.5436 
   00872    0.4056   -8013.9038  0.5419 
   00873    0.3884   -8001.6294  0.5330 
   00874    0.3996   -7963.9278  0.5355 
   00875    0.4000   -7948.3618  0.5395 
   00876    0.3840   -7864.7979  0.5344 
   00877    0.4160   -7895.7395  0.5391 
   00878    0.4080   -7972.3355  0.5472 
   00879    0.3936   -7927.8484  0.5480 
   00880    0.4016   -7942.0758  0.5473 
   00881    0.3968   -7951.2411  0.5481 
   00882    0.4160   -7952.4559  0.5460 
   00883    0.3956   -7903.8321  0.5483 
   00884    0.4008   -7924.6769  0.5428 
   00885    0.4016   -7987.5182  0.5438 
   00886    0.4100   -7956.1836  0.5379 
   00887    0.3760   -7982.3323  0.5312 
   00888    0.3948   -8021.1426  0.5384 
   00889    0.3952   -7966.2399  0.5369 
   00890    0.4128   -7912.3229  0.5339 
   00891    0.4040   -7924.0295  0.5337 
   00892    0.4088   -7958.7478  0.5309 
   00893    0.4008   -7998.5021  0.5350 
   00894    0.4088   -7969.0657  0.5435 
   00895    0.3988   -7867.1047  0.5303 
   00896    0.4108   -7873.2692  0.5310 
   00897    0.4056   -7873.5460  0.5294 
   00898    0.4124   -7884.0972  0.5288 
   00899    0.4040   -7865.2598  0.5209 
   00900    0.4068   -7840.7123  0.5245 
   00901    0.4172   -7844.0040  0.5257 
   00902    0.3928   -7830.1494  0.5241 
   00903    0.4012   -7915.4103  0.5188 
   00904    0.4080   -7873.1801  0.5156 
   00905    0.3908   -7917.7749  0.5122 
   00906    0.4048   -7895.0310  0.5152 
   00907    0.3996   -7846.4508  0.5071 
   00908    0.4184   -7804.7427  0.5114 
   00909    0.4164   -7831.6999  0.5067 
   00910    0.4156   -7875.5049  0.5120 
   00911    0.3980   -7900.5335  0.5059 
   00912    0.4136   -7919.1233  0.5146 
   00913    0.4060   -7870.0746  0.5127 
   00914    0.4092   -7847.3189  0.5149 
   00915    0.4184   -7889.7440  0.5084 
   00916    0.4072   -7874.5585  0.5155 
   00917    0.4264   -7821.3116  0.5120 
   00918    0.4124   -7765.6845  0.5192 
   00919    0.4152   -7814.1046  0.5243 
   00920    0.4124   -7821.1986  0.5163 
   00921    0.4040   -7834.0044  0.5117 
   00922    0.4068   -7870.2532  0.5185 
   00923    0.4056   -7835.6588  0.5210 
   00924    0.3936   -7857.8875  0.5143 
   00925    0.4052   -7846.7477  0.5208 
   00926    0.4068   -7745.6730  0.5163 
   00927    0.4016   -7779.2153  0.5142 
   00928    0.4116   -7826.9004  0.5241 
   00929    0.4032   -7847.6529  0.5309 
   00930    0.4156   -7924.0343  0.5341 
   00931    0.4004   -7971.9598  0.5434 
   00932    0.4212   -7919.4467  0.5484 
   00933    0.3868   -7877.3210  0.5477 
   00934    0.4024   -7898.6666  0.5542 
   00935    0.4068   -7855.6602  0.5414 
   00936    0.3904   -7837.3348  0.5358 
   00937    0.4112   -7897.4068  0.5420 
   00938    0.4064   -7891.2337  0.5433 
   00939    0.4112   -7892.7419  0.5431 
   00940    0.4036   -7928.0462  0.5436 
   00941    0.4064   -7887.2103  0.5421 
   00942    0.3968   -7896.7551  0.5423 
   00943    0.3928   -7978.9549  0.5454 
   00944    0.4044   -7932.3053  0.5433 
   00945    0.3988   -8000.8182  0.5464 
   00946    0.4084   -8022.9526  0.5465 
   00947    0.4028   -8021.2018  0.5455 
   00948    0.3872   -8001.2086  0.5462 
   00949    0.3948   -8000.6749  0.5415 
   00950    0.4048   -8002.3468  0.5371 
   00951    0.4268   -8008.4918  0.5379 
   00952    0.3876   -8026.7703  0.5401 
   00953    0.4044   -8047.6984  0.5420 
   00954    0.3960   -8051.3028  0.5403 
   00955    0.3924   -8094.5655  0.5525 
   00956    0.4008   -8014.3453  0.5524 
   00957    0.4004   -7937.3363  0.5539 
   00958    0.3972   -7929.9218  0.5441 
   00959    0.4204   -7953.4551  0.5396 
   00960    0.4024   -7918.2662  0.5338 
   00961    0.4044   -7860.7017  0.5329 
   00962    0.4036   -7902.7596  0.5443 
   00963    0.4152   -7916.6696  0.5463 
   00964    0.3940   -7957.8932  0.5461 
   00965    0.3880   -8006.1887  0.5550 
   00966    0.3792   -7988.1102  0.5516 
   00967    0.3740   -8045.1967  0.5568 
   00968    0.3844   -8039.2491  0.5605 
   00969    0.3956   -8053.3880  0.5635 
   00970    0.4052   -8099.8440  0.5590 
   00971    0.3960   -8070.6135  0.5662 
   00972    0.3824   -8027.6806  0.5636 
   00973    0.4076   -8029.4600  0.5603 
   00974    0.4044   -7985.6666  0.5580 
   00975    0.4052   -7992.5980  0.5558 
   00976    0.4096   -7939.7579  0.5576 
   00977    0.3832   -8002.0814  0.5603 
   00978    0.3868   -7954.9832  0.5562 
   00979    0.4044   -7936.6612  0.5490 
   00980    0.4076   -7942.9865  0.5514 
   00981    0.4080   -7975.3193  0.5487 
   00982    0.3968   -8011.4187  0.5543 
   00983    0.4040   -8056.7580  0.5525 
   00984    0.3972   -7942.4350  0.5476 
   00985    0.4156   -7938.1174  0.5407 
   00986    0.3880   -7939.8712  0.5408 
   00987    0.3900   -7983.3735  0.5429 
   00988    0.3952   -7977.2424  0.5448 
   00989    0.3840   -7969.5702  0.5389 
   00990    0.3888   -8006.8851  0.5402 
   00991    0.3908   -8034.6291  0.5420 
   00992    0.3972   -7982.2516  0.5452 
   00993    0.3856   -8007.7453  0.5425 
   00994    0.4032   -8048.1682  0.5432 
   00995    0.3904   -8018.7200  0.5515 
   00996    0.3996   -8019.8812  0.5433 
   00997    0.3968   -7987.5889  0.5446 
   00998    0.4064   -7921.5543  0.5436 
   00999    0.3920   -7908.0359  0.5415 
   01000    0.3832   -7926.2249  0.5379 
