#=====================================================
# File created:        Tue-12-Mar-2024-at-12-46-59PM
# Size of lattice:     500x500
# Number of MC steps:  50
# Reduced temperature: 0.500
# Run time (s):        308.576916
#=====================================================
# MC step:  Ratio:     Energy:   Order:
#=====================================================
   00000    0.5000 -249891.5152  0.2517 
   00001    0.6769 -371257.9589  0.2527 
   00002    0.6238 -449770.9840  0.2534 
   00003    0.5844 -506399.0814  0.2531 
   00004    0.5577 -548910.2978  0.2525 
   00005    0.5382 -583198.2760  0.2520 
   00006    0.5229 -611616.8721  0.2514 
   00007    0.5098 -635264.9224  0.2510 
   00008    0.5008 -654444.1581  0.2507 
   00009    0.4913 -670921.2557  0.2510 
   00010    0.4815 -684639.5727  0.2516 
   00011    0.4774 -697221.4952  0.2523 
   00012    0.4722 -708033.3748  0.2519 
   00013    0.4656 -717106.9564  0.2512 
   00014    0.4622 -725667.5878  0.2509 
   00015    0.4600 -732921.7977  0.2505 
   00016    0.4568 -739930.7133  0.2508 
   00017    0.4562 -745706.1064  0.2507 
   00018    0.4537 -751064.5803  0.2511 
   00019    0.4499 -755589.6162  0.2519 
   00020    0.4474 -759690.2254  0.2525 
   00021    0.4443 -764080.7669  0.2526 
   00022    0.4456 -767820.9884  0.2516 
   00023    0.4443 -771064.8059  0.2517 
   00024    0.4423 -774241.5384  0.2519 
   00025    0.4434 -776971.1397  0.2515 
   00026    0.4397 -779955.4107  0.2513 
   00027    0.4382 -782293.2934  0.2520 
   00028    0.4376 -784495.7800  0.2513 
   00029    0.4360 -786308.6960  0.2501 
   00030    0.4376 -788623.3758  0.2510 
   00031    0.4336 -790642.7637  0.2512 
   00032    0.4353 -792202.9378  0.2510 
   00033    0.4345 -793959.0069  0.2508 
   00034    0.4329 -795761.7740  0.2514 
   00035    0.4307 -797231.5236  0.2516 
   00036    0.4305 -798513.9092  0.2514 
   00037    0.4310 -799893.4669  0.2516 
   00038    0.4302 -801295.2993  0.2522 
   00039    0.4290 -802311.0285  0.2524 
   00040    0.4296 -803006.5549  0.2517 
   00041    0.4278 -804480.1821  0.2518 
   00042    0.4280 -805304.6602  0.2519 
   00043    0.4268 -806660.1198  0.2521 
   00044    0.4272 -807530.6791  0.2518 
   00045    0.4276 -808726.8133  0.2515 
   00046    0.4262 -809458.6167  0.2514 
   00047    0.4274 -809588.8207  0.2508 
   00048    0.4282 -810486.6201  0.2509 
   00049    0.4265 -811615.2583  0.2515 
   00050    0.4260 -812292.8187  0.2509 
