#=====================================================
# File created:        Tue-12-Mar-2024-at-12-55-25PM
# Size of lattice:     600x600
# Number of MC steps:  50
# Reduced temperature: 0.500
# Run time (s):        442.087894
#=====================================================
# MC step:  Ratio:     Energy:   Order:
#=====================================================
   00000    0.5000 -358041.8958  0.2509 
   00001    0.6816 -533408.5990  0.2513 
   00002    0.6240 -646903.4895  0.2515 
   00003    0.5850 -729077.4247  0.2516 
   00004    0.5577 -791207.7202  0.2518 
   00005    0.5357 -839941.3609  0.2520 
   00006    0.5226 -880471.9339  0.2523 
   00007    0.5104 -913823.4295  0.2522 
   00008    0.4991 -942023.0861  0.2527 
   00009    0.4909 -966582.8218  0.2528 
   00010    0.4841 -987027.7897  0.2533 
   00011    0.4789 -1004861.8250  0.2536 
   00012    0.4718 -1019871.1004  0.2545 
   00013    0.4663 -1033692.9185  0.2537 
   00014    0.4654 -1046098.2890  0.2537 
   00015    0.4599 -1056511.8687  0.2540 
   00016    0.4561 -1066391.1023  0.2538 
   00017    0.4541 -1075456.4822  0.2537 
   00018    0.4510 -1082961.6890  0.2541 
   00019    0.4491 -1089303.3865  0.2541 
   00020    0.4485 -1095538.3148  0.2540 
   00021    0.4445 -1101381.6849  0.2544 
   00022    0.4441 -1106317.8626  0.2542 
   00023    0.4417 -1111436.6693  0.2547 
   00024    0.4413 -1115951.5605  0.2547 
   00025    0.4387 -1119975.4172  0.2545 
   00026    0.4388 -1123516.1007  0.2546 
   00027    0.4393 -1126679.4864  0.2547 
   00028    0.4385 -1129591.6116  0.2550 
   00029    0.4351 -1132416.4883  0.2552 
   00030    0.4354 -1135194.9706  0.2549 
   00031    0.4364 -1138295.6314  0.2545 
   00032    0.4338 -1140759.8580  0.2545 
   00033    0.4334 -1143342.8851  0.2544 
   00034    0.4325 -1145097.8529  0.2546 
   00035    0.4324 -1147431.4778  0.2553 
   00036    0.4313 -1149679.4067  0.2548 
   00037    0.4317 -1151307.9263  0.2554 
   00038    0.4316 -1152917.8148  0.2561 
   00039    0.4302 -1154731.0057  0.2567 
   00040    0.4297 -1156261.1365  0.2566 
   00041    0.4288 -1157682.8664  0.2564 
   00042    0.4293 -1159288.5132  0.2568 
   00043    0.4275 -1160795.5556  0.2565 
   00044    0.4285 -1162503.4263  0.2560 
   00045    0.4269 -1163806.0656  0.2557 
   00046    0.4275 -1164748.2351  0.2559 
   00047    0.4262 -1166067.4813  0.2556 
   00048    0.4269 -1167620.8735  0.2561 
   00049    0.4260 -1168741.9857  0.2559 
   00050    0.4244 -1169366.3485  0.2562 
