#=====================================================
# File created:        Tue-12-Mar-2024-at-09-27-12PM
# Size of lattice:     600x600
# Number of MC steps:  50
# Reduced temperature: 0.500
# Run time (s):        666.446072
#=====================================================
# MC step:  Ratio:     Energy:   Order:
#=====================================================
   00000    0.5000 -898846.5737  0.2506 
   00001    0.6797 -1074421.5918  0.2503 
   00002    0.6215 -1188402.4728  0.2524 
   00003    0.5845 -1269818.8798  0.2523 
   00004    0.5577 -1332373.4943  0.2532 
   00005    0.5363 -1381770.1378  0.2526 
   00006    0.5219 -1422122.9527  0.2529 
   00007    0.5100 -1455763.3306  0.2534 
   00008    0.4985 -1483749.1395  0.2540 
   00009    0.4906 -1507133.6013  0.2546 
   00010    0.4841 -1527443.4026  0.2547 
   00011    0.4767 -1545129.0441  0.2545 
   00012    0.4712 -1560839.1633  0.2545 
   00013    0.4677 -1574218.5958  0.2548 
   00014    0.4626 -1585830.7435  0.2554 
   00015    0.4599 -1596596.6440  0.2551 
   00016    0.4556 -1605253.9642  0.2552 
   00017    0.4533 -1613951.8887  0.2554 
   00018    0.4528 -1621841.1834  0.2558 
   00019    0.4495 -1628854.3441  0.2560 
   00020    0.4471 -1635134.7318  0.2560 
   00021    0.4451 -1640566.2145  0.2561 
   00022    0.4442 -1645431.3576  0.2567 
   00023    0.4411 -1650312.5292  0.2563 
   00024    0.4416 -1655114.9204  0.2565 
   00025    0.4396 -1658804.6352  0.2562 
   00026    0.4393 -1662671.0072  0.2560 
   00027    0.4378 -1666519.8395  0.2557 
   00028    0.4371 -1669988.8480  0.2555 
   00029    0.4363 -1672473.4502  0.2553 
   00030    0.4345 -1675271.4017  0.2556 
   00031    0.4352 -1678003.2915  0.2555 
   00032    0.4350 -1680299.0292  0.2556 
   00033    0.4350 -1682542.9627  0.2552 
   00034    0.4324 -1685018.4353  0.2555 
   00035    0.4322 -1687364.0438  0.2555 
   00036    0.4311 -1688733.6110  0.2552 
   00037    0.4302 -1690466.9506  0.2552 
   00038    0.4307 -1692487.2578  0.2544 
   00039    0.4294 -1694550.2280  0.2544 
   00040    0.4303 -1696216.8019  0.2545 
   00041    0.4282 -1698017.4604  0.2544 
   00042    0.4295 -1699722.9220  0.2545 
   00043    0.4282 -1701159.3109  0.2546 
   00044    0.4268 -1702848.2974  0.2546 
   00045    0.4275 -1703718.9507  0.2547 
   00046    0.4286 -1704881.4305  0.2552 
   00047    0.4263 -1706045.3511  0.2552 
   00048    0.4255 -1706703.1187  0.2556 
   00049    0.4262 -1707872.6643  0.2558 
   00050    0.4260 -1709232.3765  0.2557 
