#=====================================================
# File created:        Tue-12-Mar-2024-at-09-15-43PM
# Size of lattice:     500x500
# Number of MC steps:  50
# Reduced temperature: 0.500
# Run time (s):        467.939478
#=====================================================
# MC step:  Ratio:     Energy:   Order:
#=====================================================
   00000    0.5000 -625732.1087  0.2505 
   00001    0.6794 -747099.8485  0.2512 
   00002    0.6243 -825495.6912  0.2522 
   00003    0.5851 -881921.0516  0.2525 
   00004    0.5572 -924920.1468  0.2531 
   00005    0.5383 -959307.9968  0.2537 
   00006    0.5214 -987306.3156  0.2548 
   00007    0.5096 -1010039.5045  0.2548 
   00008    0.4986 -1029951.3612  0.2547 
   00009    0.4888 -1046793.9485  0.2554 
   00010    0.4816 -1061601.1462  0.2557 
   00011    0.4770 -1073708.7082  0.2558 
   00012    0.4726 -1084981.8970  0.2557 
   00013    0.4671 -1094734.2736  0.2559 
   00014    0.4619 -1103058.2572  0.2550 
   00015    0.4595 -1110016.6245  0.2543 
   00016    0.4568 -1115976.9088  0.2543 
   00017    0.4525 -1122125.1779  0.2531 
   00018    0.4525 -1127329.4628  0.2531 
   00019    0.4490 -1132272.4248  0.2535 
   00020    0.4482 -1136562.3992  0.2533 
   00021    0.4465 -1140126.8250  0.2523 
   00022    0.4440 -1143902.3535  0.2522 
   00023    0.4412 -1147522.1340  0.2527 
   00024    0.4411 -1150422.8317  0.2524 
   00025    0.4409 -1152588.8075  0.2520 
   00026    0.4394 -1155340.4064  0.2520 
   00027    0.4361 -1157471.7210  0.2526 
   00028    0.4362 -1160006.6423  0.2526 
   00029    0.4363 -1161840.5032  0.2531 
   00030    0.4361 -1163447.4575  0.2535 
   00031    0.4326 -1165472.9562  0.2540 
   00032    0.4321 -1167273.6354  0.2545 
   00033    0.4333 -1168808.8589  0.2540 
   00034    0.4320 -1170652.3740  0.2546 
   00035    0.4320 -1172051.1638  0.2551 
   00036    0.4297 -1172915.1645  0.2542 
   00037    0.4311 -1174048.2217  0.2546 
   00038    0.4301 -1175643.8746  0.2557 
   00039    0.4291 -1177246.2772  0.2556 
   00040    0.4288 -1178308.4990  0.2560 
   00041    0.4265 -1179802.0025  0.2564 
   00042    0.4276 -1180807.8633  0.2564 
   00043    0.4299 -1181134.4957  0.2574 
   00044    0.4283 -1182165.9846  0.2579 
   00045    0.4258 -1182960.8450  0.2590 
   00046    0.4262 -1183830.1754  0.2588 
   00047    0.4276 -1184841.8157  0.2583 
   00048    0.4262 -1185951.6197  0.2582 
   00049    0.4268 -1186725.3092  0.2577 
   00050    0.4249 -1187696.9390  0.2579 
