#=====================================================
# File created:        Tue-12-Mar-2024-at-01-22-26PM
# Size of lattice:     1000x1000
# Number of MC steps:  50
# Reduced temperature: 0.500
# Run time (s):        1357.741122
#=====================================================
# MC step:  Ratio:     Energy:   Order:
#=====================================================
   00000    0.5000 -999060.2961  0.2508 
   00001    0.6794 -1486116.0411  0.2511 
   00002    0.6225 -1801145.6177  0.2513 
   00003    0.5853 -2029185.8042  0.2520 
   00004    0.5577 -2201325.9756  0.2524 
   00005    0.5373 -2338514.6048  0.2528 
   00006    0.5211 -2449968.4644  0.2526 
   00007    0.5086 -2542297.7660  0.2530 
   00008    0.4987 -2620599.9791  0.2528 
   00009    0.4901 -2687954.3152  0.2531 
   00010    0.4820 -2744230.2175  0.2536 
   00011    0.4775 -2792990.2068  0.2537 
   00012    0.4725 -2835676.1277  0.2538 
   00013    0.4674 -2872924.3535  0.2537 
   00014    0.4641 -2905403.0171  0.2540 
   00015    0.4604 -2935535.1614  0.2542 
   00016    0.4561 -2962228.9920  0.2545 
   00017    0.4538 -2986738.8032  0.2547 
   00018    0.4520 -3006950.3136  0.2547 
   00019    0.4501 -3025451.6382  0.2546 
   00020    0.4478 -3042993.6125  0.2548 
   00021    0.4460 -3057913.5546  0.2552 
   00022    0.4451 -3072552.5376  0.2553 
   00023    0.4432 -3085891.2366  0.2557 
   00024    0.4412 -3098128.0652  0.2556 
   00025    0.4395 -3109291.5918  0.2556 
   00026    0.4385 -3119752.0638  0.2560 
   00027    0.4378 -3128780.4446  0.2558 
   00028    0.4372 -3137525.4339  0.2555 
   00029    0.4364 -3146765.9603  0.2554 
   00030    0.4349 -3154751.9570  0.2553 
   00031    0.4344 -3162670.2816  0.2554 
   00032    0.4341 -3169187.7121  0.2553 
   00033    0.4328 -3176454.7386  0.2556 
   00034    0.4329 -3181683.8794  0.2556 
   00035    0.4322 -3187365.2254  0.2559 
   00036    0.4313 -3193168.3581  0.2560 
   00037    0.4304 -3198219.5017  0.2566 
   00038    0.4301 -3203009.1844  0.2565 
   00039    0.4294 -3208311.3828  0.2566 
   00040    0.4292 -3211656.1806  0.2568 
   00041    0.4292 -3215709.0759  0.2567 
   00042    0.4292 -3219340.0354  0.2567 
   00043    0.4284 -3223238.1145  0.2569 
   00044    0.4289 -3227351.3472  0.2570 
   00045    0.4272 -3231157.7569  0.2571 
   00046    0.4274 -3234950.2333  0.2567 
   00047    0.4272 -3238223.6410  0.2568 
   00048    0.4264 -3240824.3264  0.2568 
   00049    0.4267 -3244969.6690  0.2568 
   00050    0.4257 -3247794.4807  0.2566 
