#=====================================================
# File created:        Tue-12-Mar-2024-at-09-34-25PM
# Size of lattice:     500x500
# Number of MC steps:  50
# Reduced temperature: 0.500
# Run time (s):        1079.104031
#=====================================================
# MC step:  Ratio:     Energy:   Order:
#=====================================================
   00000    0.5000 -625583.0500  0.2511 
   00001    0.6804 -746114.0030  0.2528 
   00002    0.6239 -824958.4715  0.2534 
   00003    0.5849 -881624.9241  0.2539 
   00004    0.5568 -925123.5133  0.2537 
   00005    0.5369 -959369.8087  0.2538 
   00006    0.5215 -986908.4031  0.2537 
   00007    0.5088 -1009808.8635  0.2547 
   00008    0.4983 -1029364.7865  0.2557 
   00009    0.4895 -1045965.2878  0.2559 
   00010    0.4822 -1060218.3967  0.2560 
   00011    0.4765 -1072669.4288  0.2567 
   00012    0.4704 -1083274.7149  0.2571 
   00013    0.4679 -1092352.8045  0.2573 
   00014    0.4638 -1100954.7647  0.2574 
   00015    0.4601 -1108453.2527  0.2572 
   00016    0.4565 -1114724.9406  0.2576 
   00017    0.4544 -1120136.6946  0.2574 
   00018    0.4515 -1125542.5400  0.2569 
   00019    0.4506 -1130385.0509  0.2564 
   00020    0.4483 -1135068.0794  0.2572 
   00021    0.4474 -1138908.0850  0.2566 
   00022    0.4441 -1142313.5009  0.2563 
   00023    0.4427 -1145773.2764  0.2567 
   00024    0.4410 -1148709.3392  0.2571 
   00025    0.4420 -1151687.0861  0.2569 
   00026    0.4396 -1154109.9744  0.2571 
   00027    0.4385 -1156823.4220  0.2583 
   00028    0.4361 -1159222.8916  0.2580 
   00029    0.4361 -1161846.7501  0.2584 
   00030    0.4362 -1163849.5022  0.2585 
   00031    0.4329 -1165850.5726  0.2583 
   00032    0.4344 -1167617.6387  0.2579 
   00033    0.4333 -1168530.2945  0.2579 
   00034    0.4340 -1170524.2763  0.2578 
   00035    0.4324 -1172012.3787  0.2582 
   00036    0.4327 -1173275.7025  0.2590 
   00037    0.4316 -1174549.7104  0.2594 
   00038    0.4315 -1175622.5202  0.2596 
   00039    0.4301 -1176910.5750  0.2598 
   00040    0.4304 -1177906.5087  0.2599 
   00041    0.4293 -1178903.5141  0.2610 
   00042    0.4283 -1179819.2960  0.2607 
   00043    0.4288 -1180356.7588  0.2610 
   00044    0.4291 -1181568.4467  0.2615 
   00045    0.4266 -1182489.9950  0.2613 
   00046    0.4277 -1183420.7931  0.2610 
   00047    0.4264 -1183848.1046  0.2611 
   00048    0.4262 -1184652.4660  0.2608 
   00049    0.4264 -1185646.9496  0.2610 
   00050    0.4249 -1185921.6349  0.2609 
