#=====================================================
# File created:        Tue-12-Mar-2024-at-12-41-36PM
# Size of lattice:     300x300
# Number of MC steps:  50
# Reduced temperature: 0.500
# Run time (s):        114.448621
#=====================================================
# MC step:  Ratio:     Energy:   Order:
#=====================================================
   00000    0.5000  -89490.7261  0.2507 
   00001    0.6784 -133409.8448  0.2511 
   00002    0.6216 -161978.9488  0.2519 
   00003    0.5832 -182621.4909  0.2512 
   00004    0.5557 -197649.9089  0.2512 
   00005    0.5384 -209743.7314  0.2513 
   00006    0.5210 -219489.6034  0.2519 
   00007    0.5109 -227883.1325  0.2511 
   00008    0.5020 -235027.7017  0.2520 
   00009    0.4888 -240938.2678  0.2511 
   00010    0.4838 -246342.8948  0.2526 
   00011    0.4766 -250788.4702  0.2520 
   00012    0.4727 -254521.1591  0.2519 
   00013    0.4698 -258317.0144  0.2527 
   00014    0.4642 -261032.7087  0.2521 
   00015    0.4611 -263723.9690  0.2530 
   00016    0.4584 -266191.6009  0.2527 
   00017    0.4582 -268462.9044  0.2539 
   00018    0.4561 -270167.1586  0.2540 
   00019    0.4504 -272025.7123  0.2539 
   00020    0.4495 -273454.0046  0.2541 
   00021    0.4476 -274991.3476  0.2533 
   00022    0.4466 -276167.9938  0.2535 
   00023    0.4410 -277379.8533  0.2544 
   00024    0.4431 -278220.8023  0.2556 
   00025    0.4414 -279386.7403  0.2571 
   00026    0.4448 -280367.7717  0.2572 
   00027    0.4380 -281328.0925  0.2587 
   00028    0.4400 -282223.1374  0.2586 
   00029    0.4389 -283089.4121  0.2584 
   00030    0.4374 -283750.0945  0.2590 
   00031    0.4335 -284134.5981  0.2597 
   00032    0.4329 -284864.2449  0.2607 
   00033    0.4328 -285611.5878  0.2611 
   00034    0.4311 -286384.5801  0.2620 
   00035    0.4318 -286660.5364  0.2620 
   00036    0.4288 -287358.1409  0.2632 
   00037    0.4306 -288016.5642  0.2637 
   00038    0.4307 -288481.9567  0.2644 
   00039    0.4287 -288784.1171  0.2645 
   00040    0.4299 -289309.9112  0.2653 
   00041    0.4316 -289872.7604  0.2650 
   00042    0.4278 -290156.5731  0.2643 
   00043    0.4266 -290661.4500  0.2641 
   00044    0.4307 -290724.6899  0.2641 
   00045    0.4267 -290766.9548  0.2645 
   00046    0.4257 -291298.3732  0.2652 
   00047    0.4272 -291546.2109  0.2647 
   00048    0.4240 -291561.5205  0.2640 
   00049    0.4245 -291704.9932  0.2634 
   00050    0.4233 -292411.9315  0.2635 
