#=====================================================
# File created:        Tue-12-Mar-2024-at-09-05-02PM
# Size of lattice:     300x300
# Number of MC steps:  50
# Reduced temperature: 0.500
# Run time (s):        148.859005
#=====================================================
# MC step:  Ratio:     Energy:   Order:
#=====================================================
   00000    0.5000 -225300.3627  0.2502 
   00001    0.6811 -269229.8895  0.2511 
   00002    0.6190 -297379.1763  0.2524 
   00003    0.5842 -317117.6247  0.2513 
   00004    0.5598 -332558.1934  0.2513 
   00005    0.5381 -344983.6097  0.2515 
   00006    0.5227 -355136.4694  0.2525 
   00007    0.5108 -362993.2533  0.2515 
   00008    0.5008 -370117.2451  0.2514 
   00009    0.4909 -375537.4757  0.2517 
   00010    0.4814 -380834.2389  0.2536 
   00011    0.4783 -385363.5259  0.2539 
   00012    0.4711 -389149.7703  0.2533 
   00013    0.4676 -392465.6808  0.2536 
   00014    0.4645 -395267.9085  0.2542 
   00015    0.4615 -397858.3477  0.2552 
   00016    0.4561 -400388.1585  0.2549 
   00017    0.4541 -402433.6148  0.2548 
   00018    0.4530 -404185.5293  0.2553 
   00019    0.4514 -406104.6840  0.2550 
   00020    0.4485 -407531.1686  0.2544 
   00021    0.4463 -409059.8782  0.2562 
   00022    0.4443 -410690.6928  0.2563 
   00023    0.4443 -411642.9132  0.2560 
   00024    0.4443 -412827.1530  0.2549 
   00025    0.4405 -414050.2871  0.2552 
   00026    0.4376 -414944.0950  0.2553 
   00027    0.4397 -415769.0246  0.2555 
   00028    0.4356 -416759.3919  0.2555 
   00029    0.4335 -417698.2614  0.2556 
   00030    0.4347 -418435.0171  0.2565 
   00031    0.4363 -418788.6140  0.2557 
   00032    0.4384 -419576.2686  0.2563 
   00033    0.4356 -420430.8727  0.2557 
   00034    0.4357 -421212.3518  0.2544 
   00035    0.4303 -421469.9512  0.2543 
   00036    0.4347 -421890.6752  0.2541 
   00037    0.4280 -422462.0221  0.2532 
   00038    0.4322 -422803.9857  0.2519 
   00039    0.4300 -423063.6585  0.2515 
   00040    0.4307 -423395.9293  0.2509 
   00041    0.4290 -423820.9983  0.2513 
   00042    0.4281 -424296.4645  0.2518 
   00043    0.4284 -424959.6906  0.2526 
   00044    0.4265 -425165.1433  0.2526 
   00045    0.4281 -425480.7945  0.2529 
   00046    0.4285 -425597.7687  0.2537 
   00047    0.4264 -425966.2427  0.2551 
   00048    0.4283 -426433.0818  0.2541 
   00049    0.4278 -426844.3680  0.2547 
   00050    0.4256 -427158.4658  0.2549 
