#=====================================================
# File created:        Tue-12-Mar-2024-at-09-15-52PM
# Size of lattice:     300x300
# Number of MC steps:  50
# Reduced temperature: 0.500
# Run time (s):        427.351006
#=====================================================
# MC step:  Ratio:     Energy:   Order:
#=====================================================
   00000    0.5000 -225947.1414  0.2527 
   00001    0.6768 -269583.0570  0.2536 
   00002    0.6226 -298087.9952  0.2551 
   00003    0.5879 -317953.2313  0.2542 
   00004    0.5563 -333304.9328  0.2536 
   00005    0.5373 -345512.6753  0.2524 
   00006    0.5219 -355429.4998  0.2539 
   00007    0.5086 -363376.2214  0.2544 
   00008    0.4980 -370690.7021  0.2554 
   00009    0.4924 -376459.0314  0.2544 
   00010    0.4834 -381765.9984  0.2549 
   00011    0.4787 -386200.3660  0.2554 
   00012    0.4718 -389960.0579  0.2536 
   00013    0.4674 -393213.8602  0.2528 
   00014    0.4650 -395856.3877  0.2522 
   00015    0.4595 -398518.1671  0.2542 
   00016    0.4577 -400999.9197  0.2551 
   00017    0.4549 -403198.2717  0.2562 
   00018    0.4529 -404928.7459  0.2585 
   00019    0.4518 -406866.4097  0.2598 
   00020    0.4498 -408315.7814  0.2616 
   00021    0.4444 -409860.3237  0.2614 
   00022    0.4439 -411022.1053  0.2621 
   00023    0.4435 -412049.3204  0.2628 
   00024    0.4435 -413071.8245  0.2637 
   00025    0.4367 -414137.4015  0.2629 
   00026    0.4391 -414958.3863  0.2628 
   00027    0.4400 -415794.1462  0.2627 
   00028    0.4412 -416525.5687  0.2624 
   00029    0.4339 -417360.1648  0.2628 
   00030    0.4354 -418000.9772  0.2636 
   00031    0.4344 -418878.4430  0.2639 
   00032    0.4340 -419616.3605  0.2633 
   00033    0.4329 -420088.0472  0.2618 
   00034    0.4323 -420608.6766  0.2613 
   00035    0.4311 -421384.5306  0.2612 
   00036    0.4319 -422065.7513  0.2606 
   00037    0.4317 -422370.3359  0.2609 
   00038    0.4315 -422772.5367  0.2607 
   00039    0.4308 -423228.0704  0.2620 
   00040    0.4273 -423586.0723  0.2617 
   00041    0.4297 -424001.6713  0.2621 
   00042    0.4321 -424436.1991  0.2618 
   00043    0.4282 -424886.2692  0.2617 
   00044    0.4275 -425232.8478  0.2630 
   00045    0.4297 -425465.8970  0.2644 
   00046    0.4270 -425784.7448  0.2644 
   00047    0.4248 -426153.2775  0.2645 
   00048    0.4278 -426404.8468  0.2645 
   00049    0.4282 -426724.1108  0.2651 
   00050    0.4269 -426845.5479  0.2660 
