#=====================================================
# File created:        Wed-13-Mar-2024-at-03-24-16AM
# Size of lattice:     10x10
# Number of MC steps:  1000
# Reduced temperature: 0.500
# Run time (s):        4.130895
#=====================================================
# MC step:  Ratio:     Energy:   Order:
#=====================================================
   00000    0.5000     -77.2418  0.3253 
   00001    0.6300    -141.8946  0.3396 
   00002    0.5600    -183.1310  0.3804 
   00003    0.6600    -205.9399  0.3442 
   00004    0.5300    -216.5363  0.4021 
   00005    0.5000    -225.7394  0.4012 
   00006    0.5400    -246.0395  0.3886 
   00007    0.5600    -245.3830  0.3681 
   00008    0.5400    -254.0679  0.3662 
   00009    0.4800    -267.9819  0.3809 
   00010    0.5100    -277.8931  0.3350 
   00011    0.4800    -286.3506  0.3533 
   00012    0.4000    -293.9756  0.3503 
   00013    0.4600    -292.8793  0.3711 
   00014    0.4100    -298.3154  0.3783 
   00015    0.4300    -303.2268  0.4229 
   00016    0.4900    -301.6033  0.4415 
   00017    0.4700    -301.2038  0.4478 
   00018    0.4600    -300.5256  0.4790 
   00019    0.4000    -309.8268  0.5015 
   00020    0.4500    -308.7210  0.5634 
   00021    0.4700    -314.5007  0.5829 
   00022    0.4000    -317.0646  0.6373 
   00023    0.4800    -318.4785  0.6280 
   00024    0.4700    -312.6850  0.6131 
   00025    0.3900    -318.8220  0.6543 
   00026    0.5600    -321.9329  0.6711 
   00027    0.4000    -315.8653  0.6822 
   00028    0.4000    -320.3081  0.6856 
   00029    0.3100    -327.8920  0.7059 
   00030    0.3600    -322.9822  0.7422 
   00031    0.3900    -322.9336  0.7433 
   00032    0.4900    -332.6292  0.7581 
   00033    0.3900    -324.0764  0.7365 
   00034    0.4000    -330.4313  0.7339 
   00035    0.3800    -332.1895  0.7130 
   00036    0.3700    -331.7374  0.7038 
   00037    0.4900    -337.9997  0.7398 
   00038    0.3900    -337.5239  0.7519 
   00039    0.4200    -333.6383  0.7497 
   00040    0.3500    -338.4481  0.7542 
   00041    0.3900    -329.9149  0.7574 
   00042    0.4400    -328.0627  0.7357 
   00043    0.5100    -322.6461  0.7187 
   00044    0.4300    -327.5031  0.7279 
   00045    0.4100    -324.6904  0.7121 
   00046    0.4600    -320.4235  0.7309 
   00047    0.4200    -311.6401  0.7240 
   00048    0.3300    -314.2028  0.7100 
   00049    0.4300    -313.3252  0.6627 
   00050    0.4500    -321.5911  0.6831 
   00051    0.4800    -317.6152  0.6765 
   00052    0.4700    -317.5572  0.6987 
   00053    0.4100    -309.9001  0.7172 
   00054    0.4200    -310.1426  0.7112 
   00055    0.3900    -305.9397  0.7107 
   00056    0.4600    -307.7597  0.7166 
   00057    0.4800    -311.7956  0.7106 
   00058    0.4900    -331.4201  0.7384 
   00059    0.3700    -328.4938  0.7388 
   00060    0.3800    -330.6705  0.7501 
   00061    0.4200    -334.9526  0.7213 
   00062    0.4200    -329.4716  0.7176 
   00063    0.4600    -317.8050  0.7109 
   00064    0.3200    -318.9961  0.7303 
   00065    0.5000    -314.8477  0.7283 
   00066    0.4400    -306.0438  0.7041 
   00067    0.5000    -317.6839  0.7312 
   00068    0.4400    -318.1795  0.7334 
   00069    0.4800    -319.0286  0.7570 
   00070    0.5000    -322.7368  0.7515 
   00071    0.3900    -323.1461  0.7630 
   00072    0.4400    -322.2900  0.7610 
   00073    0.5200    -325.3767  0.7741 
   00074    0.5000    -314.1858  0.7764 
   00075    0.3900    -317.6433  0.7677 
   00076    0.3800    -311.4097  0.7636 
   00077    0.4700    -314.1378  0.7607 
   00078    0.3900    -309.1465  0.7485 
   00079    0.3900    -309.8768  0.7671 
   00080    0.3500    -311.4080  0.7679 
   00081    0.3400    -309.5199  0.7656 
   00082    0.4300    -322.8841  0.8051 
   00083    0.5900    -319.6319  0.8207 
   00084    0.3900    -321.3470  0.8363 
   00085    0.4600    -331.2906  0.8597 
   00086    0.3500    -335.0945  0.8715 
   00087    0.4200    -337.7963  0.8748 
   00088    0.3400    -334.1394  0.8675 
   00089    0.3700    -335.9551  0.8579 
   00090    0.4400    -333.8117  0.8495 
   00091    0.3900    -332.4845  0.8509 
   00092    0.3900    -330.2240  0.8476 
   00093    0.3800    -328.7459  0.8510 
   00094    0.4600    -330.8075  0.8436 
   00095    0.3800    -330.0006  0.8521 
   00096    0.4500    -341.4451  0.8615 
   00097    0.3700    -341.0457  0.8639 
   00098    0.3800    -335.5535  0.8661 
   00099    0.4000    -332.6717  0.8555 
   00100    0.4300    -340.4774  0.8722 
   00101    0.3700    -341.7999  0.8727 
   00102    0.4500    -343.1516  0.8738 
   00103    0.4500    -341.9632  0.8741 
   00104    0.4900    -347.0591  0.8942 
   00105    0.4200    -338.5978  0.8886 
   00106    0.4000    -340.9307  0.8929 
   00107    0.4700    -353.7434  0.9178 
   00108    0.4000    -350.6895  0.9125 
   00109    0.4300    -352.4199  0.9072 
   00110    0.3400    -351.3799  0.9144 
   00111    0.3300    -344.9583  0.9081 
   00112    0.4500    -339.6031  0.9035 
   00113    0.4900    -338.8752  0.9087 
   00114    0.4500    -340.8852  0.8952 
   00115    0.4700    -341.4644  0.8992 
   00116    0.4100    -337.5845  0.8967 
   00117    0.4300    -346.7736  0.9091 
   00118    0.3400    -344.8880  0.9055 
   00119    0.4300    -329.8409  0.8823 
   00120    0.4500    -331.0211  0.8757 
   00121    0.4600    -327.7776  0.8761 
   00122    0.4300    -335.4466  0.8860 
   00123    0.4400    -326.3069  0.8644 
   00124    0.4500    -319.9030  0.8615 
   00125    0.4200    -321.9856  0.8518 
   00126    0.4500    -333.4963  0.8799 
   00127    0.4700    -338.5655  0.8752 
   00128    0.3700    -333.1026  0.8749 
   00129    0.4500    -350.5200  0.8976 
   00130    0.3100    -348.9804  0.8990 
   00131    0.4900    -339.3704  0.8874 
   00132    0.4400    -332.7203  0.8582 
   00133    0.3900    -328.1281  0.8522 
   00134    0.4500    -328.3912  0.8607 
   00135    0.4500    -334.1073  0.8590 
   00136    0.4300    -336.3829  0.8634 
   00137    0.4600    -340.9473  0.8755 
   00138    0.4500    -337.5402  0.8748 
   00139    0.3900    -332.0603  0.8731 
   00140    0.4100    -336.1178  0.8731 
   00141    0.3600    -344.8494  0.8953 
   00142    0.3400    -352.5781  0.9149 
   00143    0.4200    -357.1256  0.9222 
   00144    0.4100    -356.7008  0.9196 
   00145    0.3700    -353.3763  0.9213 
   00146    0.3400    -346.3687  0.9113 
   00147    0.3600    -348.4436  0.9072 
   00148    0.4400    -343.3499  0.8911 
   00149    0.4300    -346.8722  0.8953 
   00150    0.3400    -344.5983  0.8965 
   00151    0.3700    -343.8252  0.8948 
   00152    0.4000    -345.6964  0.8902 
   00153    0.3500    -343.1767  0.8828 
   00154    0.4000    -345.0362  0.8916 
   00155    0.3400    -350.3770  0.8995 
   00156    0.2800    -348.4551  0.8939 
   00157    0.4300    -353.3378  0.9035 
   00158    0.4500    -351.8921  0.8958 
   00159    0.3900    -338.1646  0.8801 
   00160    0.4200    -341.8821  0.8837 
   00161    0.3500    -350.9168  0.8953 
   00162    0.4200    -352.3358  0.8858 
   00163    0.3800    -351.8073  0.8840 
   00164    0.4300    -334.4067  0.8698 
   00165    0.3600    -341.5120  0.8869 
   00166    0.4400    -348.4703  0.9053 
   00167    0.3300    -347.8764  0.8992 
   00168    0.3800    -355.2958  0.9043 
   00169    0.4400    -355.2951  0.9084 
   00170    0.3700    -354.6740  0.9080 
   00171    0.3700    -357.1452  0.9094 
   00172    0.4900    -348.3865  0.8962 
   00173    0.3700    -354.9607  0.9039 
   00174    0.4100    -357.1669  0.9103 
   00175    0.3600    -355.0273  0.8964 
   00176    0.4000    -356.2159  0.8920 
   00177    0.3800    -355.3210  0.8968 
   00178    0.3000    -346.2333  0.8847 
   00179    0.4500    -348.8290  0.8906 
   00180    0.4700    -338.1736  0.8862 
   00181    0.4100    -343.8051  0.8944 
   00182    0.3900    -340.2577  0.8838 
   00183    0.5200    -345.4751  0.8853 
   00184    0.4100    -335.8615  0.8827 
   00185    0.4700    -336.6077  0.8725 
   00186    0.4700    -337.2531  0.8619 
   00187    0.4100    -352.1019  0.8767 
   00188    0.4100    -353.5523  0.8749 
   00189    0.4900    -345.9114  0.8451 
   00190    0.4400    -338.8949  0.8302 
   00191    0.4400    -341.6141  0.8446 
   00192    0.4700    -335.6896  0.8432 
   00193    0.4200    -341.5806  0.8599 
   00194    0.4100    -343.5598  0.8617 
   00195    0.3200    -340.2963  0.8442 
   00196    0.4500    -340.9951  0.8498 
   00197    0.4300    -338.7802  0.8569 
   00198    0.4000    -333.3455  0.8434 
   00199    0.4200    -343.7164  0.8771 
   00200    0.4200    -338.7359  0.8806 
   00201    0.3200    -336.0885  0.8756 
   00202    0.4500    -342.4363  0.8782 
   00203    0.3500    -344.0678  0.8770 
   00204    0.4100    -351.5507  0.8939 
   00205    0.4500    -349.8495  0.8917 
   00206    0.4400    -342.2044  0.8743 
   00207    0.4400    -345.6350  0.8820 
   00208    0.3400    -350.6042  0.8932 
   00209    0.3200    -349.1790  0.9018 
   00210    0.3500    -357.2787  0.9182 
   00211    0.3800    -363.2234  0.9243 
   00212    0.3800    -353.4534  0.9091 
   00213    0.4300    -352.1360  0.9075 
   00214    0.4400    -354.0569  0.9138 
   00215    0.4300    -351.5709  0.9039 
   00216    0.4600    -351.4825  0.9010 
   00217    0.3400    -355.6980  0.9091 
   00218    0.3400    -358.0539  0.9055 
   00219    0.3800    -347.5964  0.8828 
   00220    0.4900    -350.4273  0.8913 
   00221    0.3000    -341.9523  0.8725 
   00222    0.4400    -335.7141  0.8539 
   00223    0.4600    -334.8758  0.8622 
   00224    0.4200    -340.6275  0.8861 
   00225    0.3500    -329.1991  0.8635 
   00226    0.3500    -337.4962  0.8737 
   00227    0.3500    -344.4375  0.8930 
   00228    0.3400    -346.4545  0.9003 
   00229    0.3500    -346.1070  0.8919 
   00230    0.4900    -343.3256  0.8795 
   00231    0.3900    -344.4874  0.8901 
   00232    0.4500    -346.4816  0.8877 
   00233    0.3400    -348.4591  0.8931 
   00234    0.3700    -340.7461  0.8839 
   00235    0.3300    -346.5997  0.8868 
   00236    0.3900    -348.9965  0.8949 
   00237    0.4800    -357.7732  0.8971 
   00238    0.4100    -354.5207  0.8945 
   00239    0.3400    -353.9304  0.9044 
   00240    0.3400    -354.6090  0.9032 
   00241    0.4500    -353.2570  0.9039 
   00242    0.4000    -352.4767  0.8980 
   00243    0.4000    -349.9123  0.8806 
   00244    0.3900    -342.7636  0.8750 
   00245    0.4700    -335.7478  0.8755 
   00246    0.3600    -343.4800  0.8779 
   00247    0.4400    -349.9537  0.8901 
   00248    0.4100    -345.9642  0.8936 
   00249    0.3600    -345.6482  0.9018 
   00250    0.4900    -354.3893  0.9176 
   00251    0.3800    -355.7016  0.9246 
   00252    0.4800    -348.0048  0.9195 
   00253    0.4600    -351.7063  0.9241 
   00254    0.3900    -354.0045  0.9232 
   00255    0.3800    -347.1383  0.9047 
   00256    0.3600    -340.8893  0.8985 
   00257    0.3600    -353.6239  0.9206 
   00258    0.3300    -353.2762  0.9197 
   00259    0.4300    -352.9283  0.9203 
   00260    0.3300    -359.5771  0.9349 
   00261    0.3800    -353.0841  0.9227 
   00262    0.3900    -354.6064  0.9285 
   00263    0.3800    -353.3995  0.9318 
   00264    0.4200    -354.7672  0.9275 
   00265    0.5000    -349.7098  0.9268 
   00266    0.3400    -350.5672  0.9264 
   00267    0.4000    -358.8438  0.9362 
   00268    0.4100    -351.7271  0.9203 
   00269    0.3600    -341.8541  0.9102 
   00270    0.4900    -332.2315  0.8846 
   00271    0.4200    -336.2536  0.8830 
   00272    0.3900    -340.0536  0.8953 
   00273    0.3600    -336.6627  0.8786 
   00274    0.3300    -331.2792  0.8724 
   00275    0.3800    -325.9874  0.8543 
   00276    0.3600    -336.0586  0.8799 
   00277    0.4200    -343.2872  0.8774 
   00278    0.3600    -353.4869  0.8799 
   00279    0.4200    -349.4333  0.8763 
   00280    0.4700    -347.8918  0.8776 
   00281    0.3800    -341.6167  0.8693 
   00282    0.4500    -321.4150  0.8574 
   00283    0.4400    -322.2451  0.8557 
   00284    0.4700    -327.4645  0.8542 
   00285    0.4100    -334.7057  0.8667 
   00286    0.4700    -335.9818  0.8734 
   00287    0.4000    -331.0368  0.8673 
   00288    0.3700    -335.6331  0.8743 
   00289    0.4000    -333.2256  0.8738 
   00290    0.3900    -340.8871  0.8812 
   00291    0.4000    -342.3643  0.8876 
   00292    0.4300    -348.7186  0.8953 
   00293    0.4800    -350.7538  0.8929 
   00294    0.4600    -343.8077  0.8932 
   00295    0.3600    -345.4224  0.8815 
   00296    0.4700    -347.1053  0.9029 
   00297    0.3600    -344.7126  0.8979 
   00298    0.4000    -349.5178  0.9061 
   00299    0.4200    -346.6829  0.9024 
   00300    0.4000    -346.2220  0.9052 
   00301    0.4100    -354.4155  0.9128 
   00302    0.4800    -351.3273  0.8924 
   00303    0.3700    -348.5828  0.8810 
   00304    0.4000    -349.4899  0.8799 
   00305    0.3500    -348.1301  0.8778 
   00306    0.4400    -344.1955  0.8834 
   00307    0.3400    -340.8196  0.8876 
   00308    0.4400    -339.2378  0.8829 
   00309    0.4400    -339.3404  0.8838 
   00310    0.3800    -333.1071  0.8737 
   00311    0.4900    -321.4562  0.8717 
   00312    0.3700    -329.7700  0.8819 
   00313    0.3900    -333.4291  0.8698 
   00314    0.3800    -346.7771  0.8964 
   00315    0.3400    -341.9095  0.8976 
   00316    0.4300    -339.1949  0.8961 
   00317    0.3900    -342.0151  0.9030 
   00318    0.3800    -349.0780  0.9050 
   00319    0.4400    -353.2917  0.9111 
   00320    0.4400    -360.0464  0.9214 
   00321    0.3500    -354.1036  0.9143 
   00322    0.4400    -346.7119  0.9102 
   00323    0.3800    -342.3311  0.9124 
   00324    0.4600    -351.5656  0.9252 
   00325    0.4100    -346.2318  0.9124 
   00326    0.3900    -344.3898  0.9047 
   00327    0.4400    -348.6607  0.9077 
   00328    0.3800    -349.4567  0.9058 
   00329    0.3800    -346.2526  0.9119 
   00330    0.3900    -348.9187  0.9060 
   00331    0.3900    -344.1193  0.8894 
   00332    0.3900    -350.4440  0.8985 
   00333    0.4000    -354.1673  0.9006 
   00334    0.4400    -350.4719  0.8798 
   00335    0.4700    -353.0511  0.8997 
   00336    0.3500    -344.3356  0.8919 
   00337    0.3500    -345.0803  0.8916 
   00338    0.4000    -339.4398  0.8790 
   00339    0.3700    -347.5870  0.8887 
   00340    0.4800    -352.9860  0.8966 
   00341    0.3500    -355.1569  0.8930 
   00342    0.4900    -357.9437  0.8975 
   00343    0.4500    -340.4155  0.8748 
   00344    0.3600    -340.7358  0.8600 
   00345    0.4400    -335.4680  0.8441 
   00346    0.3900    -341.4322  0.8652 
   00347    0.3300    -344.7297  0.8709 
   00348    0.3900    -345.5885  0.8606 
   00349    0.3200    -352.0557  0.8697 
   00350    0.4000    -348.1126  0.8706 
   00351    0.4300    -352.0665  0.8817 
   00352    0.3900    -342.1475  0.8611 
   00353    0.4400    -340.0428  0.8432 
   00354    0.4400    -334.2017  0.8215 
   00355    0.4700    -336.2438  0.8211 
   00356    0.4900    -331.5314  0.7945 
   00357    0.3900    -337.7946  0.8179 
   00358    0.4100    -354.4339  0.8521 
   00359    0.3400    -351.5701  0.8604 
   00360    0.3800    -345.3465  0.8549 
   00361    0.4200    -340.1215  0.8572 
   00362    0.3700    -336.9626  0.8613 
   00363    0.3500    -336.6543  0.8773 
   00364    0.4500    -337.5313  0.8753 
   00365    0.3200    -340.0832  0.8873 
   00366    0.4500    -346.2502  0.8883 
   00367    0.4000    -347.9823  0.8887 
   00368    0.3800    -355.2466  0.9031 
   00369    0.4100    -350.7793  0.9039 
   00370    0.3900    -355.2569  0.8985 
   00371    0.3700    -358.7619  0.9143 
   00372    0.3700    -355.2044  0.9176 
   00373    0.3600    -352.1237  0.9054 
   00374    0.3300    -353.8517  0.9085 
   00375    0.3700    -359.3134  0.9208 
   00376    0.3500    -355.7298  0.9101 
   00377    0.4200    -356.8343  0.9150 
   00378    0.3900    -354.0105  0.9001 
   00379    0.4900    -347.9642  0.8971 
   00380    0.4000    -357.3560  0.9092 
   00381    0.4200    -356.4952  0.8913 
   00382    0.4700    -350.7144  0.8832 
   00383    0.3600    -346.0155  0.8729 
   00384    0.3900    -348.7494  0.8761 
   00385    0.4900    -343.9096  0.8736 
   00386    0.4600    -336.9682  0.8592 
   00387    0.4400    -342.2804  0.8653 
   00388    0.3700    -339.0745  0.8646 
   00389    0.4200    -342.2244  0.8905 
   00390    0.3500    -348.4669  0.8999 
   00391    0.4300    -353.1343  0.9048 
   00392    0.4500    -344.2510  0.8931 
   00393    0.4700    -350.3642  0.9046 
   00394    0.4500    -350.3955  0.9129 
   00395    0.3900    -348.8923  0.9044 
   00396    0.4000    -340.4643  0.8905 
   00397    0.4500    -345.5522  0.8950 
   00398    0.3700    -348.2367  0.8884 
   00399    0.3200    -347.4637  0.8994 
   00400    0.4200    -339.0806  0.9006 
   00401    0.5300    -336.9593  0.8841 
   00402    0.3800    -339.3710  0.8920 
   00403    0.4400    -337.4287  0.8993 
   00404    0.4800    -345.7614  0.9125 
   00405    0.4400    -345.4388  0.9036 
   00406    0.4100    -339.8908  0.8861 
   00407    0.4200    -348.0237  0.9029 
   00408    0.3500    -347.2486  0.9069 
   00409    0.3300    -356.8203  0.9212 
   00410    0.3700    -350.4665  0.9146 
   00411    0.3600    -344.8961  0.9050 
   00412    0.4000    -348.8903  0.9084 
   00413    0.3800    -344.2110  0.8949 
   00414    0.3400    -349.9037  0.9039 
   00415    0.3700    -348.3080  0.8917 
   00416    0.4500    -344.7907  0.8934 
   00417    0.3500    -341.8331  0.8947 
   00418    0.4800    -356.9097  0.9096 
   00419    0.3600    -351.5310  0.9085 
   00420    0.4100    -350.3233  0.9088 
   00421    0.4000    -349.6615  0.8979 
   00422    0.4200    -348.9905  0.8927 
   00423    0.4400    -346.6529  0.9063 
   00424    0.3700    -342.0876  0.8875 
   00425    0.3800    -340.0451  0.8926 
   00426    0.4500    -336.0759  0.8945 
   00427    0.4400    -337.4432  0.8918 
   00428    0.4200    -335.0494  0.8834 
   00429    0.3800    -342.6832  0.8899 
   00430    0.4100    -337.6517  0.8810 
   00431    0.3900    -342.7734  0.8923 
   00432    0.4900    -344.6299  0.8775 
   00433    0.4100    -346.9217  0.8782 
   00434    0.3700    -336.8619  0.8721 
   00435    0.4400    -336.8989  0.8711 
   00436    0.4100    -343.4963  0.8756 
   00437    0.3700    -345.8029  0.8761 
   00438    0.3800    -335.7520  0.8598 
   00439    0.3600    -333.8666  0.8557 
   00440    0.5300    -339.3472  0.8757 
   00441    0.4000    -337.1661  0.8788 
   00442    0.4700    -343.7774  0.8858 
   00443    0.4500    -343.8938  0.8803 
   00444    0.4700    -330.6858  0.8650 
   00445    0.4400    -337.0109  0.8803 
   00446    0.3000    -338.0622  0.8749 
   00447    0.3900    -334.7381  0.8643 
   00448    0.3700    -334.3295  0.8676 
   00449    0.4400    -338.5893  0.8699 
   00450    0.3900    -334.6805  0.8601 
   00451    0.4400    -327.8374  0.8639 
   00452    0.4400    -338.4680  0.8718 
   00453    0.3900    -346.8716  0.8868 
   00454    0.4700    -353.6697  0.8913 
   00455    0.4700    -347.8067  0.8762 
   00456    0.4800    -342.3218  0.8679 
   00457    0.4000    -341.5317  0.8626 
   00458    0.4600    -342.0669  0.8573 
   00459    0.3700    -341.0841  0.8619 
   00460    0.4100    -350.5001  0.8888 
   00461    0.3800    -341.6361  0.8768 
   00462    0.4100    -335.8057  0.8848 
   00463    0.4200    -334.0969  0.8637 
   00464    0.4100    -339.4704  0.8760 
   00465    0.4600    -342.6607  0.8803 
   00466    0.4000    -339.0907  0.8731 
   00467    0.4700    -336.2803  0.8597 
   00468    0.4300    -337.6180  0.8683 
   00469    0.4600    -336.4691  0.8670 
   00470    0.4200    -333.8913  0.8636 
   00471    0.3400    -342.4032  0.8845 
   00472    0.4600    -347.5460  0.9044 
   00473    0.4500    -350.3021  0.9118 
   00474    0.4200    -339.4374  0.8969 
   00475    0.4500    -347.9580  0.9138 
   00476    0.4200    -349.0230  0.8985 
   00477    0.3100    -346.8623  0.9025 
   00478    0.4400    -339.1230  0.8954 
   00479    0.4200    -353.1641  0.9203 
   00480    0.4200    -343.6971  0.9024 
   00481    0.4000    -350.6026  0.9140 
   00482    0.3700    -352.2019  0.9137 
   00483    0.4700    -354.0662  0.9065 
   00484    0.4400    -348.9066  0.9007 
   00485    0.3600    -344.6116  0.8858 
   00486    0.4300    -348.6517  0.8911 
   00487    0.4900    -351.4521  0.8832 
   00488    0.5200    -348.4480  0.8730 
   00489    0.4200    -336.2711  0.8599 
   00490    0.4000    -335.6051  0.8612 
   00491    0.4900    -332.5935  0.8514 
   00492    0.3800    -332.3104  0.8568 
   00493    0.4400    -335.7577  0.8578 
   00494    0.3700    -334.1876  0.8651 
   00495    0.4100    -345.4018  0.8863 
   00496    0.4200    -350.7813  0.9023 
   00497    0.4200    -345.0252  0.8917 
   00498    0.3700    -344.4595  0.9052 
   00499    0.4100    -342.2487  0.9064 
   00500    0.3700    -345.3464  0.9038 
   00501    0.4700    -343.1107  0.9024 
   00502    0.4600    -341.7221  0.8974 
   00503    0.3900    -342.5715  0.8949 
   00504    0.4300    -341.7859  0.8953 
   00505    0.4800    -338.4282  0.9012 
   00506    0.4600    -343.8831  0.9055 
   00507    0.3800    -340.2853  0.8818 
   00508    0.3600    -340.7574  0.8788 
   00509    0.3700    -348.9624  0.8974 
   00510    0.4300    -351.2196  0.9061 
   00511    0.4500    -349.4506  0.9041 
   00512    0.4600    -347.2752  0.9047 
   00513    0.3700    -348.4610  0.8974 
   00514    0.4900    -353.2348  0.9176 
   00515    0.3500    -342.6383  0.9066 
   00516    0.3900    -347.4881  0.9023 
   00517    0.5000    -344.1253  0.8985 
   00518    0.3700    -347.8286  0.9161 
   00519    0.3800    -340.3525  0.9061 
   00520    0.3400    -349.4721  0.9240 
   00521    0.3900    -346.0294  0.9152 
   00522    0.4200    -350.6396  0.8991 
   00523    0.3500    -343.5609  0.8947 
   00524    0.4200    -343.9621  0.8985 
   00525    0.4400    -347.5360  0.9063 
   00526    0.3700    -349.1911  0.9006 
   00527    0.2700    -345.1463  0.8977 
   00528    0.4600    -337.1188  0.8862 
   00529    0.4000    -332.2194  0.8650 
   00530    0.4400    -336.1880  0.8600 
   00531    0.4800    -342.1834  0.8785 
   00532    0.3600    -343.9525  0.8832 
   00533    0.5100    -331.5688  0.8700 
   00534    0.4200    -342.5469  0.8958 
   00535    0.4700    -347.4144  0.9037 
   00536    0.4300    -340.8893  0.8941 
   00537    0.4200    -344.5611  0.8937 
   00538    0.3700    -339.3596  0.8647 
   00539    0.4900    -332.9315  0.8448 
   00540    0.3800    -333.8261  0.8341 
   00541    0.4700    -332.3761  0.8413 
   00542    0.3800    -327.7067  0.8372 
   00543    0.4700    -327.3452  0.8351 
   00544    0.4600    -329.0974  0.8384 
   00545    0.4500    -338.7701  0.8479 
   00546    0.4000    -337.8794  0.8488 
   00547    0.4100    -347.1044  0.8628 
   00548    0.4500    -346.6242  0.8773 
   00549    0.4000    -345.5574  0.8591 
   00550    0.4300    -338.2269  0.8353 
   00551    0.3600    -336.4207  0.8513 
   00552    0.3700    -336.2249  0.8530 
   00553    0.4800    -314.8977  0.8174 
   00554    0.3800    -311.3677  0.8128 
   00555    0.4300    -304.9376  0.8033 
   00556    0.4500    -316.1668  0.8284 
   00557    0.4000    -321.2149  0.8346 
   00558    0.4000    -327.8635  0.8672 
   00559    0.3900    -335.9494  0.8872 
   00560    0.4400    -333.5005  0.8702 
   00561    0.3700    -328.8580  0.8595 
   00562    0.4100    -330.3605  0.8564 
   00563    0.3600    -328.2048  0.8566 
   00564    0.4200    -326.6912  0.8736 
   00565    0.3900    -326.8002  0.8637 
   00566    0.4300    -333.2450  0.8730 
   00567    0.4200    -335.5033  0.8786 
   00568    0.3400    -338.8280  0.8761 
   00569    0.4600    -340.1738  0.8672 
   00570    0.4000    -338.2439  0.8712 
   00571    0.4100    -336.3453  0.8677 
   00572    0.4700    -347.0508  0.8912 
   00573    0.4700    -343.4790  0.8827 
   00574    0.4000    -334.2720  0.8726 
   00575    0.4900    -325.5996  0.8559 
   00576    0.4700    -341.5753  0.8884 
   00577    0.4900    -338.6095  0.8792 
   00578    0.4100    -339.0891  0.8820 
   00579    0.3500    -343.4497  0.8869 
   00580    0.4000    -345.2118  0.8755 
   00581    0.3100    -340.7038  0.8658 
   00582    0.4100    -333.9683  0.8420 
   00583    0.3600    -338.9902  0.8578 
   00584    0.4000    -346.3588  0.8705 
   00585    0.4000    -354.6736  0.9023 
   00586    0.4500    -348.3111  0.8899 
   00587    0.3700    -347.9200  0.8945 
   00588    0.4200    -346.6813  0.8765 
   00589    0.3000    -345.6220  0.8702 
   00590    0.3200    -343.6727  0.8714 
   00591    0.4200    -345.8679  0.8856 
   00592    0.3800    -346.3867  0.8961 
   00593    0.4200    -347.6289  0.9046 
   00594    0.4000    -340.9351  0.8848 
   00595    0.4000    -339.8991  0.8805 
   00596    0.4100    -342.6178  0.8788 
   00597    0.4000    -336.7044  0.8584 
   00598    0.3800    -341.2094  0.8645 
   00599    0.4100    -343.4780  0.8721 
   00600    0.4300    -338.6336  0.8663 
   00601    0.3700    -338.4567  0.8592 
   00602    0.3900    -343.2898  0.8695 
   00603    0.3400    -350.1723  0.8887 
   00604    0.4400    -350.7547  0.8962 
   00605    0.3800    -346.9623  0.8878 
   00606    0.4800    -335.7055  0.8833 
   00607    0.4400    -334.7573  0.8614 
   00608    0.4000    -335.3739  0.8599 
   00609    0.4600    -335.5772  0.8428 
   00610    0.3600    -335.8135  0.8338 
   00611    0.3200    -339.1226  0.8348 
   00612    0.5000    -337.9140  0.8450 
   00613    0.3300    -337.6180  0.8432 
   00614    0.4200    -336.4209  0.8458 
   00615    0.3200    -343.2815  0.8506 
   00616    0.3600    -341.0362  0.8443 
   00617    0.3700    -342.9135  0.8514 
   00618    0.3400    -347.1709  0.8559 
   00619    0.4300    -355.2549  0.8622 
   00620    0.4300    -344.5449  0.8559 
   00621    0.3800    -337.3652  0.8352 
   00622    0.3800    -342.6736  0.8574 
   00623    0.3500    -329.9703  0.8374 
   00624    0.4300    -336.1291  0.8434 
   00625    0.3900    -348.1705  0.8496 
   00626    0.3600    -346.0412  0.8551 
   00627    0.3400    -340.6583  0.8452 
   00628    0.4400    -341.0918  0.8511 
   00629    0.4500    -341.4044  0.8614 
   00630    0.4300    -328.9477  0.8279 
   00631    0.3400    -327.8143  0.7933 
   00632    0.4800    -334.1942  0.8096 
   00633    0.4500    -323.3368  0.7919 
   00634    0.3300    -329.9907  0.7845 
   00635    0.4900    -339.2883  0.8166 
   00636    0.5300    -345.1181  0.8395 
   00637    0.4400    -343.0272  0.8408 
   00638    0.3700    -342.0774  0.8536 
   00639    0.3800    -335.5931  0.8520 
   00640    0.4800    -331.6898  0.8569 
   00641    0.4200    -331.3200  0.8538 
   00642    0.4300    -330.4546  0.8639 
   00643    0.3900    -329.8632  0.8636 
   00644    0.3900    -339.3699  0.8875 
   00645    0.3400    -345.6773  0.8956 
   00646    0.4400    -346.9658  0.8686 
   00647    0.4500    -348.4008  0.8757 
   00648    0.3500    -350.4296  0.8682 
   00649    0.3600    -337.4587  0.8508 
   00650    0.4100    -346.9742  0.8597 
   00651    0.4100    -346.5685  0.8658 
   00652    0.4100    -358.1843  0.8875 
   00653    0.4600    -355.8537  0.8803 
   00654    0.3300    -353.8962  0.8680 
   00655    0.4100    -357.0194  0.8751 
   00656    0.3700    -355.3501  0.8710 
   00657    0.2700    -353.1052  0.8681 
   00658    0.4100    -349.4530  0.8874 
   00659    0.4400    -351.5475  0.8909 
   00660    0.4100    -347.7070  0.8866 
   00661    0.4000    -348.9337  0.8750 
   00662    0.4400    -350.1345  0.8836 
   00663    0.3400    -352.3064  0.8950 
   00664    0.5300    -348.1159  0.9008 
   00665    0.4900    -345.9440  0.9010 
   00666    0.3900    -351.6382  0.9068 
   00667    0.3700    -352.6525  0.9144 
   00668    0.4300    -355.8700  0.9074 
   00669    0.5000    -342.6413  0.9036 
   00670    0.4500    -345.7182  0.9084 
   00671    0.4500    -349.7233  0.9119 
   00672    0.3800    -353.1373  0.9187 
   00673    0.4500    -350.3670  0.9135 
   00674    0.3800    -345.4952  0.9051 
   00675    0.3800    -343.8396  0.8971 
   00676    0.4100    -353.4520  0.9079 
   00677    0.4300    -345.5069  0.9024 
   00678    0.5000    -345.2443  0.8996 
   00679    0.4600    -337.4568  0.8790 
   00680    0.3900    -349.6949  0.8940 
   00681    0.5100    -346.2070  0.8778 
   00682    0.4200    -353.7114  0.8875 
   00683    0.4300    -355.8919  0.9012 
   00684    0.3700    -352.4081  0.8878 
   00685    0.5000    -351.8712  0.8845 
   00686    0.4800    -355.8387  0.8858 
   00687    0.4100    -349.1638  0.8798 
   00688    0.3900    -341.2255  0.8662 
   00689    0.3700    -342.9652  0.8717 
   00690    0.4600    -338.1452  0.8536 
   00691    0.4600    -338.2263  0.8773 
   00692    0.4700    -350.0325  0.8995 
   00693    0.3800    -346.5866  0.8790 
   00694    0.3000    -341.0110  0.8711 
   00695    0.4000    -341.1608  0.8584 
   00696    0.3800    -332.0901  0.8472 
   00697    0.4600    -322.5536  0.8310 
   00698    0.4000    -321.5293  0.8294 
   00699    0.4000    -332.3639  0.8507 
   00700    0.4000    -340.2597  0.8530 
   00701    0.4500    -339.6219  0.8586 
   00702    0.3600    -336.3999  0.8527 
   00703    0.4400    -350.3816  0.8736 
   00704    0.4000    -342.5121  0.8621 
   00705    0.4400    -339.2596  0.8824 
   00706    0.4400    -335.7605  0.8746 
   00707    0.4400    -331.2973  0.8628 
   00708    0.4500    -343.9510  0.8844 
   00709    0.4700    -343.3900  0.8802 
   00710    0.3800    -351.8285  0.8955 
   00711    0.4200    -346.2883  0.8879 
   00712    0.4100    -347.6539  0.8758 
   00713    0.4100    -337.5078  0.8502 
   00714    0.4000    -345.0647  0.8645 
   00715    0.3700    -351.8384  0.8657 
   00716    0.4400    -347.6086  0.8729 
   00717    0.3200    -336.5517  0.8539 
   00718    0.4300    -345.0425  0.8673 
   00719    0.5000    -354.4218  0.9095 
   00720    0.3800    -352.5278  0.8913 
   00721    0.4800    -354.1079  0.8899 
   00722    0.4200    -354.3076  0.8868 
   00723    0.3800    -349.2559  0.8932 
   00724    0.4200    -343.8386  0.8889 
   00725    0.3700    -347.8918  0.8917 
   00726    0.3700    -341.2716  0.8727 
   00727    0.3900    -337.2256  0.8752 
   00728    0.4200    -335.4258  0.8792 
   00729    0.3700    -341.0907  0.8840 
   00730    0.4900    -337.7542  0.8907 
   00731    0.5100    -342.9053  0.8904 
   00732    0.4500    -348.2970  0.9035 
   00733    0.3900    -348.4203  0.9094 
   00734    0.4300    -353.4989  0.9191 
   00735    0.3700    -354.4136  0.9164 
   00736    0.4000    -348.5682  0.8945 
   00737    0.5500    -333.6788  0.8833 
   00738    0.3500    -334.6070  0.8769 
   00739    0.4200    -346.5573  0.8913 
   00740    0.3300    -346.1284  0.8929 
   00741    0.3800    -346.8941  0.8964 
   00742    0.4200    -346.5995  0.8844 
   00743    0.4000    -344.4656  0.8819 
   00744    0.4400    -350.3187  0.8741 
   00745    0.4600    -343.7689  0.8796 
   00746    0.4100    -355.7414  0.9002 
   00747    0.3300    -355.5711  0.9029 
   00748    0.5000    -348.1857  0.8936 
   00749    0.4900    -351.8974  0.9047 
   00750    0.4000    -356.1658  0.9221 
   00751    0.3900    -358.6656  0.9254 
   00752    0.3500    -357.4655  0.9231 
   00753    0.3500    -352.1874  0.9199 
   00754    0.4700    -357.1948  0.9281 
   00755    0.4900    -351.4877  0.9211 
   00756    0.4200    -351.1926  0.9214 
   00757    0.4000    -344.4361  0.9048 
   00758    0.3100    -345.0209  0.9027 
   00759    0.3600    -343.7430  0.9023 
   00760    0.3900    -339.9763  0.8938 
   00761    0.4400    -341.1562  0.8960 
   00762    0.4600    -344.1422  0.8839 
   00763    0.4100    -343.6486  0.8777 
   00764    0.3400    -335.0200  0.8700 
   00765    0.4200    -334.2287  0.8599 
   00766    0.3500    -334.2113  0.8624 
   00767    0.5100    -334.2740  0.8595 
   00768    0.4600    -335.9196  0.8643 
   00769    0.4600    -342.4747  0.8871 
   00770    0.3600    -346.4476  0.9048 
   00771    0.3600    -347.6717  0.9017 
   00772    0.4000    -352.2153  0.9047 
   00773    0.3800    -361.5303  0.9265 
   00774    0.3800    -363.7034  0.9337 
   00775    0.3800    -368.1394  0.9426 
   00776    0.4300    -361.1892  0.9279 
   00777    0.3800    -354.3244  0.9100 
   00778    0.3600    -351.9262  0.9102 
   00779    0.4800    -357.2867  0.9181 
   00780    0.3900    -360.9713  0.9299 
   00781    0.3500    -362.9208  0.9341 
   00782    0.4900    -361.1776  0.9383 
   00783    0.3700    -354.4152  0.9252 
   00784    0.3700    -353.0453  0.9228 
   00785    0.3800    -351.6017  0.9233 
   00786    0.4500    -342.5624  0.9105 
   00787    0.4300    -342.2240  0.9035 
   00788    0.4200    -347.3004  0.9032 
   00789    0.3800    -353.6907  0.9124 
   00790    0.3900    -348.3154  0.9095 
   00791    0.3400    -355.1346  0.9123 
   00792    0.4300    -348.4670  0.9006 
   00793    0.4000    -347.0295  0.8932 
   00794    0.4200    -343.6036  0.8839 
   00795    0.4400    -337.3213  0.8788 
   00796    0.4300    -338.8602  0.8799 
   00797    0.3900    -345.2109  0.8937 
   00798    0.4400    -340.7059  0.8848 
   00799    0.4800    -342.3250  0.8787 
   00800    0.4100    -342.3082  0.8771 
   00801    0.4800    -344.3145  0.8772 
   00802    0.3400    -341.9674  0.8709 
   00803    0.4400    -343.8261  0.8737 
   00804    0.4300    -338.3195  0.8651 
   00805    0.5000    -348.0794  0.8788 
   00806    0.3200    -345.6856  0.8769 
   00807    0.3500    -349.7419  0.8876 
   00808    0.4700    -347.4320  0.8926 
   00809    0.4300    -351.3178  0.9027 
   00810    0.3800    -345.2455  0.8881 
   00811    0.4000    -342.3186  0.8838 
   00812    0.4200    -346.4630  0.8902 
   00813    0.4000    -345.7005  0.8942 
   00814    0.4200    -350.0342  0.8916 
   00815    0.3600    -353.3186  0.8971 
   00816    0.4700    -354.6302  0.9095 
   00817    0.4000    -352.6790  0.9049 
   00818    0.3500    -355.6308  0.9018 
   00819    0.3200    -353.0852  0.8882 
   00820    0.3700    -356.1697  0.8974 
   00821    0.4600    -350.7482  0.8946 
   00822    0.4000    -344.6553  0.8920 
   00823    0.2800    -346.7780  0.8973 
   00824    0.4200    -343.5554  0.8938 
   00825    0.4600    -349.7299  0.8938 
   00826    0.4100    -352.8758  0.9051 
   00827    0.4000    -349.6505  0.9003 
   00828    0.4200    -349.1658  0.8989 
   00829    0.3600    -341.4172  0.8853 
   00830    0.4100    -338.0952  0.8858 
   00831    0.3600    -345.2063  0.9048 
   00832    0.3900    -345.0802  0.8859 
   00833    0.4800    -350.9922  0.9092 
   00834    0.4200    -352.7028  0.9219 
   00835    0.4400    -352.2269  0.9224 
   00836    0.2900    -347.4325  0.9094 
   00837    0.4400    -357.3295  0.9265 
   00838    0.3800    -357.2024  0.9090 
   00839    0.4500    -358.5712  0.9071 
   00840    0.4400    -358.4582  0.9068 
   00841    0.4400    -347.2290  0.8985 
   00842    0.3600    -348.8015  0.9023 
   00843    0.3900    -343.1429  0.8964 
   00844    0.4600    -346.3423  0.8994 
   00845    0.4600    -348.8301  0.8969 
   00846    0.4700    -350.3601  0.9004 
   00847    0.4500    -362.0323  0.9148 
   00848    0.3500    -361.3437  0.9187 
   00849    0.4300    -351.6863  0.8912 
   00850    0.4900    -348.2034  0.8913 
   00851    0.3700    -341.9041  0.8826 
   00852    0.4300    -326.2741  0.8616 
   00853    0.4900    -330.5172  0.8710 
   00854    0.4100    -347.1829  0.8944 
   00855    0.4300    -358.1460  0.9175 
   00856    0.4600    -359.2787  0.9187 
   00857    0.3300    -361.5681  0.9225 
   00858    0.3400    -352.7680  0.9155 
   00859    0.4700    -340.5135  0.8864 
   00860    0.4500    -343.8308  0.8963 
   00861    0.5000    -348.2635  0.9058 
   00862    0.4500    -354.8673  0.9193 
   00863    0.4600    -348.8322  0.9086 
   00864    0.4400    -339.1618  0.9085 
   00865    0.4300    -341.6197  0.9074 
   00866    0.4200    -349.8212  0.9169 
   00867    0.3800    -349.2222  0.9085 
   00868    0.3800    -348.1412  0.8978 
   00869    0.3900    -350.2439  0.9007 
   00870    0.3600    -352.8975  0.9083 
   00871    0.3900    -350.7091  0.9007 
   00872    0.4000    -354.6921  0.9132 
   00873    0.4000    -358.0675  0.9215 
   00874    0.4100    -358.5733  0.9205 
   00875    0.5100    -356.7744  0.9328 
   00876    0.3800    -360.2776  0.9336 
   00877    0.4100    -360.2180  0.9263 
   00878    0.4000    -356.5773  0.9166 
   00879    0.3300    -349.9463  0.8999 
   00880    0.4600    -349.5578  0.8941 
   00881    0.4300    -350.5239  0.8865 
   00882    0.3700    -346.3055  0.8806 
   00883    0.3800    -344.8390  0.8873 
   00884    0.4300    -346.5148  0.8790 
   00885    0.3900    -344.4084  0.8632 
   00886    0.4200    -336.8180  0.8559 
   00887    0.4100    -338.7732  0.8625 
   00888    0.4500    -333.2329  0.8519 
   00889    0.3600    -341.2738  0.8603 
   00890    0.4000    -335.3535  0.8625 
   00891    0.4400    -346.2811  0.8936 
   00892    0.3600    -353.2478  0.8983 
   00893    0.3500    -349.8526  0.8986 
   00894    0.3800    -341.4095  0.8868 
   00895    0.3900    -336.6969  0.8818 
   00896    0.3800    -335.9489  0.8825 
   00897    0.4500    -334.3348  0.8685 
   00898    0.5100    -335.1183  0.8499 
   00899    0.4300    -330.5376  0.8360 
   00900    0.3900    -324.2223  0.8420 
   00901    0.3900    -332.2271  0.8449 
   00902    0.4700    -341.3620  0.8663 
   00903    0.4600    -335.7019  0.8616 
   00904    0.4800    -337.1037  0.8598 
   00905    0.3800    -332.9102  0.8542 
   00906    0.4300    -344.6506  0.8661 
   00907    0.4300    -344.5207  0.8541 
   00908    0.4400    -340.5822  0.8663 
   00909    0.4200    -343.5569  0.8719 
   00910    0.3300    -342.1931  0.8653 
   00911    0.4300    -345.5925  0.8656 
   00912    0.4400    -357.8027  0.8894 
   00913    0.4300    -360.1763  0.9033 
   00914    0.3400    -360.6441  0.9012 
   00915    0.4500    -355.7763  0.8920 
   00916    0.4700    -352.2803  0.8950 
   00917    0.3600    -351.9813  0.9012 
   00918    0.4100    -349.0707  0.8931 
   00919    0.4800    -353.1291  0.8798 
   00920    0.4600    -339.7554  0.8571 
   00921    0.3600    -341.2906  0.8643 
   00922    0.4000    -336.1041  0.8614 
   00923    0.4800    -344.5094  0.8783 
   00924    0.3500    -335.7758  0.8694 
   00925    0.4000    -341.8108  0.8705 
   00926    0.4400    -347.6600  0.8941 
   00927    0.3900    -352.3155  0.8977 
   00928    0.4200    -353.6640  0.8858 
   00929    0.4000    -352.0235  0.8771 
   00930    0.4500    -352.8140  0.8798 
   00931    0.2900    -352.2023  0.8789 
   00932    0.3400    -354.4193  0.8902 
   00933    0.4000    -362.0284  0.9021 
   00934    0.4000    -357.1888  0.9066 
   00935    0.4200    -351.7895  0.9045 
   00936    0.4600    -355.6626  0.9095 
   00937    0.3800    -354.0585  0.9015 
   00938    0.4400    -364.8353  0.9284 
   00939    0.3900    -364.1927  0.9290 
   00940    0.3900    -366.2915  0.9373 
   00941    0.3900    -364.7317  0.9320 
   00942    0.4100    -355.2698  0.9252 
   00943    0.3700    -346.6186  0.9179 
   00944    0.4200    -345.5604  0.9021 
   00945    0.4400    -346.0781  0.9042 
   00946    0.4400    -348.4900  0.9008 
   00947    0.3600    -349.6883  0.8990 
   00948    0.3900    -355.8112  0.9053 
   00949    0.4600    -356.5752  0.8984 
   00950    0.4200    -347.2704  0.8926 
   00951    0.3900    -342.5609  0.8894 
   00952    0.4300    -339.2123  0.8716 
   00953    0.5000    -333.4523  0.8560 
   00954    0.3300    -350.3025  0.8679 
   00955    0.3600    -349.3279  0.8594 
   00956    0.4400    -343.7413  0.8544 
   00957    0.3900    -340.8232  0.8637 
   00958    0.3400    -342.6819  0.8773 
   00959    0.4300    -338.7732  0.8711 
   00960    0.4200    -342.4973  0.8578 
   00961    0.4600    -335.3010  0.8647 
   00962    0.3600    -332.9587  0.8617 
   00963    0.4300    -338.6906  0.8754 
   00964    0.5000    -341.1237  0.8792 
   00965    0.4400    -339.1512  0.8720 
   00966    0.4000    -337.5861  0.8467 
   00967    0.4100    -345.8954  0.8644 
   00968    0.4800    -348.8034  0.8939 
   00969    0.5000    -346.0295  0.8815 
   00970    0.4600    -334.5706  0.8671 
   00971    0.4400    -330.8722  0.8598 
   00972    0.4000    -341.8776  0.8905 
   00973    0.4600    -340.9955  0.8768 
   00974    0.4500    -351.5985  0.8908 
   00975    0.3400    -353.9220  0.8964 
   00976    0.3400    -345.6033  0.8848 
   00977    0.4200    -339.5246  0.8764 
   00978    0.4100    -345.6065  0.8808 
   00979    0.4000    -339.6342  0.8709 
   00980    0.4100    -344.4360  0.8850 
   00981    0.4900    -337.7377  0.8778 
   00982    0.4100    -344.4817  0.8973 
   00983    0.5200    -342.0977  0.8920 
   00984    0.3700    -343.3450  0.8829 
   00985    0.4500    -340.7181  0.8662 
   00986    0.4000    -348.1289  0.8735 
   00987    0.3600    -351.3854  0.8704 
   00988    0.3500    -351.4132  0.8679 
   00989    0.4300    -347.8755  0.8721 
   00990    0.4100    -350.0189  0.8758 
   00991    0.3800    -348.1561  0.8821 
   00992    0.4300    -345.0884  0.8864 
   00993    0.3700    -351.9328  0.8855 
   00994    0.3700    -341.7848  0.8754 
   00995    0.5100    -340.8092  0.8629 
   00996    0.4200    -339.0470  0.8666 
   00997    0.4000    -345.6682  0.8879 
   00998    0.4000    -340.0947  0.8880 
   00999    0.4500    -339.8752  0.8835 
   01000    0.4100    -342.6010  0.8810 
